7.0145,-6.2324,-1.833,-5.1504,33.702,13.04,-117.84
7.2068,-3.272,4.1874,-49.336,80.448,14.329,-26.775
-5.1842,-7.0844,-1.2436,-20.842,62.698,27.637,-6.6588
-5.8688,4.1939,0.35029,-4.4511,-12.659,1.8269,-66.065
-7.6384,8.9352,-1.7272,-84.778,17.791,88.201,-32.253
1.3176,5.1818,-3.3135,13.874,22.195,-23.667,-51.431
-3.8285,-1.1599,-0.81426,-39.516,-7.0705,-25.036,-82.35
-5.4325,-8.5205,-1.0159,-55.22,0.26624,-14.074,-71.126
-1.8313,-0.19675,-3.9792,-79.737,-0.91296,55.04,-105.52
9.9949,6.6338,3.5803,-64.453,89.14,16.322,-85.842
0.235,-4.7461,3.2648,-40.584,16.611,64.355,-45.78
-8.026,1.2647,-3.6657,-7.7613,43.843,59.163,-21.786
-8.5818,6.8589,2.3134,-27.23,-28.531,66.355,-123.9
9.8421,-6.1021,-3.1368,-40.42,-26.5,8.8103,-42.525
-1.4233,8.8887,-0.13201,-8.0843,-10.684,6.1888,-94.71
2.1883,-2.5079,3.2805,-58.767,-18.866,40.465,-97.234
9.4621,8.5423,2.9668,-67.658,35.613,-2.6786,-89.404
-7.8915,6.6883,1.7692,-81.857,-4.8534,57.528,-21.898
-0.17095,-8.5523,-0.25405,-22.204,29.189,68.83,-6.2959
8.9396,-3.7021,2.8554,-18.871,47.962,-13.792,-117.48
5.9572,8.1005,1.7396,-51.03,74.478,38.391,-27.525
3.1576,4.6554,-4.1911,-71.471,73.117,77.913,-115.71
5.0188,-5.6632,-0.18765,12.595,42.928,12.613,-125.56
3.9853,-8.2024,-4.6865,-32.868,75.847,-17.321,-97.475
-6.655,6.9489,-0.15323,-12.977,30.715,5.2902,-82.069
3.9047,-6.7375,4.6378,-17.087,-1.7394,-4.3239,-127.16
-5.5326,9.1831,-2.4315,19.228,71.196,40.158,-100.28
2.6449,3.1118,-2.1787,-46.582,42.788,-19.329,-47.942
-7.1905,-2.7826,-3.7888,-43.415,-9.9917,8.7065,-32.755
-7.9272,4.9111,0.92631,-62.075,-21.439,44.044,-9.3125
-8.8995,3.3355,-4.4614,-2.4393,44.584,20.417,-18.734
5.0127,-5.7096,1.9106,-18.806,-5.9988,35.04,-59.32
-3.7449,-8.4808,1.1106,-62.066,55.426,82.69,-92.796
-0.26639,1.5628,3.9681,-85.168,-14.681,-16.997,-62.315
9.9929,7.3232,-4.3815,-69.859,60.356,-29.103,-97.872
1.9318,-1.0276,3.0586,-42.435,-3.7744,12.508,-77.074
3.4205,1.3746,-4.1805,15.361,68.555,-23.177,-124.09
9.0174,9.4114,2.7205,-84.613,32.518,39.399,-95.999
-2.4669,-8.8686,-0.99133,-67.125,66.542,-8.5384,-48.712
-5.3516,3.224,-4.6252,-71.717,33.831,43.287,-69.414
-4.1079,-6.1089,-3.1483,-70.117,64.086,32.942,-98.879
-0.24045,-2.7101,-0.80082,-47.648,49.568,86.327,-96.119
5.1114,-4.609,3.5037,-22.436,29.772,22.886,-24.41
-9.9057,-8.4555,-3.7125,12.62,62.326,35.61,-104.27
6.6745,-6.024,1.4681,-81.411,77.503,53.694,-26.807
-9.6655,6.9222,-3.3978,-11.047,14.627,38.152,-124.28
-8.5603,-9.6338,0.38913,9.3974,68.976,22.555,-12.852
1.2658,-6.1116,1.1724,-54.404,74.803,60.904,-98.27
-3.0945,3.8733,-2.2527,-73.752,43.927,35.857,-13.506
5.5902,0.75608,-0.9776,-1.7202,-9.7407,59.05,-36.913
7.9818,6.9794,0.11739,-78.195,41.706,37.31,-1.0936
-5.6147,7.9427,-3.0083,-18.615,-3.8039,49.646,-36.567
-7.6607,3.8508,1.289,-53.059,46.439,45.73,-30.919
4.1909,-0.49613,-0.88844,-6.3961,6.3321,83.241,-64.218
0.4962,-6.9417,0.17608,-41.769,59.61,85.256,-58.376
0.18093,-9.0411,2.4344,-89.337,37.689,0.034921,-58.115
0.94142,-4.6048,-4.8715,-34.555,-0.39723,22.318,-2.0759
7.1589,-1.4298,-2.8179,-30.486,52.19,56.745,-49.044
2.3127,3.3291,0.42472,-46.643,79.746,2.8444,-10.83
3.1639,-8.7567,-3.8273,-2.8549,20.804,14.029,-100.47
-5.236,-3.3969,0.11185,12.655,12.085,84.815,-46.477
5.8597,-8.443,4.2877,-2.8966,39.798,-21.417,-82.633
-5.8666,6.398,2.7497,-39.218,80.269,61.411,-70.521
9.045,5.2402,-0.7196,-33.19,2.8551,-29.684,-106.97
2.9018,1.2964,-4.9557,19.225,82.037,60.19,-92.143
-5.2889,-0.32927,-2.4141,-88.575,48.366,18.019,-54.304
-8.4822,7.4154,-0.8286,-85.559,16.642,79.061,-67.766
-4.1451,9.7799,3.9505,-77.312,77.067,46.052,-122.75
7.691,-0.077324,-1.8567,-52.203,29.328,-12.342,-4.769
3.3478,-3.793,3.5971,-10.548,-23.379,58.872,-90.655
-0.66997,-7.2486,-4.0591,-30.734,-13.556,10.139,-45.698
4.7958,4.4315,-2.5295,14.668,-16.062,-14.177,-19.133
-2.6921,6.6376,4.5515,1.7657,-19.93,43.562,-28.002
8.7613,4.7962,-4.3393,-74.346,73.976,8.694,-99.671
3.6975,-4.102,1.5492,9.6246,66.347,56.185,-90.74
2.3089,-8.5251,-2.9072,-55.171,75.476,-5.5592,-33.676
1.8043,0.89678,1.7149,-53.264,88.051,18.803,-124.38
-7.7826,1.2114,1.4014,-17.691,65.821,68.394,-22.578
-3.6316,5.0279,4.301,17.852,-23.202,71.131,-88.893
8.5491,9.4642,4.7968,-18.699,-11.467,-6.6105,-120.69
-1.1717,5.2674,-3.4972,-80.067,-8.8238,-5.0231,-67.778
5.7186,4.3295,2.3929,-44.03,32.046,21.895,-22.983
2.0151,3.8138,-0.22709,-77.168,46.809,26.578,-130
-9.4002,-6.7325,-2.7785,-48.984,76.845,-11.179,-73.966
7.2922,4.6235,2.1302,-62.534,83.968,52.212,-26.853
-7.8465,8.0921,-2.3502,-81.663,6.4395,50.403,-80.579
6.3185,-4.821,-1.0543,-15.781,-29.396,23.323,-12.948
3.1528,1.5471,2.6298,-1.8513,79.075,6.9422,-21.321
-1.6879,-7.9941,-4.8978,-85.305,38.872,1.129,-67.188
8.9998,3.5929,2.2996,-27.691,29.393,16.165,-9.4933
0.38075,6.3059,-0.21646,-51.157,64.956,-18.007,-109.64
9.8061,-8.3171,3.0231,-72.956,85.184,66.21,-16.394
-9.1351,-7.0029,4.9016,-35.703,81.658,-23.361,-39.502
0.20229,8.2567,0.73756,-10.703,78.435,64.278,-76.224
0.043117,4.8338,0.34403,-13.415,51.226,61.939,-82.22
2.2934,-8.8194,-1.5744,-32.612,10.222,38.847,-30.022
-0.94485,-4.1201,-4.905,13.179,-18.552,25.519,-91.373
9.5291,1.279,-3.2226,-46.617,-0.21832,-13.676,-105.68
0.94922,7.5286,-1.6799,-48.967,64.335,29.869,-11.546
4.0962,2.9483,-3.5663,-87.546,-7.3583,30.152,-27.365
-7.6312,-6.6415,-3.3844,-51.842,23.981,71.048,-117.53
1.4475,7.9144,3.8464,-5.5642,-8.6871,25.234,-80.693
-9.3168,-8.1757,-4.9751,0.36932,43.61,21.774,-120.63
-5.5367,3.7836,-1.9191,-39.407,-12.841,67.386,-122.41
7.4249,-7.0827,4.442,-24.955,48.485,-9.9968,-85.405
0.60644,-0.61019,2.5309,12.19,77.861,12.164,-110.49
-5.4434,5.0765,-0.96766,-52.103,-12.233,0.71644,-104.11
3.5847,-8.7723,-0.24573,-82.437,16.397,45.158,-116.39
9.8365,-6.9659,-1.7627,-76.297,-18.749,39.38,-61.885
-3.4016,-5.8336,-2.8826,-85.673,87.944,-4.0944,-51.222
-7.1017,0.23415,3.1026,-61.355,-8.8699,5.9118,-12.832
2.7888,0.28384,-4.8955,-11.043,53.256,39.18,-104.44
7.2075,2.8621,-1.0495,-48.082,50.717,-20.632,-81.174
0.89166,-3.4724,1.433,-13.022,16.074,77.869,-11.079
4.7256,7.9197,2.4226,-32.185,85.322,-0.25963,-74.003
-3.9418,-3.5336,-3.4237,-24.636,39.293,67.918,-28.069
4.3889,-7.2454,-0.01411,-50.295,-10.866,11.183,-5.887
-4.4629,-0.46833,4.4496,-52.89,18.492,16.004,-44.356
-6.2319,8.4875,2.615,7.2858,25.718,39.938,-61.035
7.6022,-5.2526,3.2685,-42.836,19.489,76.559,-40.628
-3.6288,6.2469,3.6912,-58.75,-18.622,23.37,-94.024
-9.4627,-8.3144,0.6948,12.228,-12.637,44.249,-47.229
3.0618,-6.0159,-4.1484,-76.276,88.444,85.516,-113.29
6.0239,-0.50166,-0.59167,11.439,0.94201,-11.811,-3.4602
7.6931,-2.5301,-3.0037,-56.334,-17.764,-4.2245,-43.551
-8.4497,0.12083,0.49215,-8.6834,82.29,-29.256,-20.631
-4.4851,-6.0954,-1.4224,-58.394,-19.241,-15.02,-60.985
-3.1707,6.6351,3.6144,-61.459,-25.672,14.05,-60.981
-5.0034,5.0286,-0.74269,-9.5313,25.817,-18.047,-75.138
4.5557,7.5689,-4.6642,-8.1111,53.027,74.973,-32.33
-8.1017,2.6598,3.8437,-57.704,1.0405,37.199,-107.32
3.8699,-8.6078,4.3691,-29.154,33.864,9.1684,-93.553
-8.0114,-6.3835,3.3874,-52.621,60.164,78.406,-67.148
9.9091,-4.2473,-3.6848,-34.002,58.039,7.6179,-8.0903
2.9931,-6.1248,4.0021,17.38,34.747,1.5117,-58.287
7.8335,-4.7703,2.1914,-84.052,62.904,57.209,-51.561
4.5345,7.1009,1.6411,-19.238,40.293,9.0831,-30.834
4.8859,-0.60616,4.8535,-47.659,88.195,32.255,-93.018
-5.9187,0.86047,-0.31225,-58.993,78.846,11.504,-69.038
-8.683,1.3883,-0.49898,-88.078,62.052,36.409,-2.421
-9.713,1.6144,1.2076,-23.965,10.249,67.956,-49.943
-3.0888,-3.8531,-2.0448,-62.393,68.693,0.39671,-53.392
0.8037,-9.1886,4.243,-54.861,-24,-0.99468,-10.556
-5.8139,3.4824,4.6117,2.9606,41.185,41.998,-64.401
0.33417,-0.40235,4.6369,-80.536,-5.3824,-7.3849,-106.67
7.5375,-1.7799,-4.3441,3.0138,-1.6708,-23.252,-108.9
1.255,7.5447,-1.9482,-18.65,-3.1795,-25.729,-84.573
9.0199,9.8535,-3.0085,5.2957,53.781,-2.9293,-77.653
4.6234,0.62884,3.662,-56.358,-29.324,-7.2222,-118.65
-5.8257,-3.0368,-0.68579,-24.326,15.281,85.659,-41.475
2.2167,-3.2007,-4.7414,-9.376,13.933,21.89,-15.783
3.0112,-1.3304,2.4704,-82.991,-3.9832,60.523,-30.093
9.8451,-1.999,4.3884,17.918,4.8111,78.049,-108.56
-7.7673,9.0642,2.9895,-61.293,30.072,-23.613,-53.707
-4.7843,5.0076,1.2982,-53.239,-8.2207,21.683,-126.89
-2.6761,-9.6835,-2.5617,3.2782,78.464,9.426,-11.346
6.2257,-9.5327,4.9023,-43.107,25.304,50.03,-40.331
4.9214,1.483,1.2085,-68.147,78.031,-18.373,-40.001
8.4877,6.8287,-3.0678,-38.851,5.1454,51.608,-30.973
1.4928,-5.5596,-4.1142,-68.883,89.425,-29.599,-40.453
-4.1199,1.552,-0.73872,-32.179,80.336,-25.504,-54.768
-0.74546,-3.0806,2.6547,-2.17,46.357,0.34243,-0.19454
-3.307,5.3184,0.15979,-87.899,8.3993,25.078,-71.979
4.2577,9.4153,4.1604,-48.169,4.7823,3.2788,-100.72
-5.3347,-4.2089,-3.4473,17.932,69.761,41.982,-52.531
6.4859,7.2087,0.33485,-17.913,85.443,13.004,-106.27
-7.6593,0.57087,-0.54134,-64.071,64.533,36.668,-128.76
9.622,-4.2944,-0.52234,6.7421,65.466,-29.204,-4.76
-2.504,3.2169,-3.7554,-36.099,-19.377,-29.581,-29.034
-9.3678,2.5218,1.4422,-30.138,71.529,65.811,-114.29
5.4003,-3.3,3.9112,2.8467,-5.8172,61.752,-69.624
-9.0637,-0.87769,4.3521,-31.586,-26.853,45.038,-85.457
-7.11,7.5635,-0.052036,-23.583,30.615,9.187,-81.83
-2.263,-7.3669,2.9344,-1.2976,-1.3021,26.728,-16.283
5.7456,-9.8357,3.4588,0.14112,54.516,61.848,-100.23
0.26963,0.61029,0.40694,-48.906,65.242,11.573,-66.837
-1.2602,-6.5409,-4.5539,-69.852,17.533,-11.101,-86.308
-0.64754,-1.5911,4.1314,-56.433,26.376,71.378,-23.275
-8.1137,0.42082,0.21989,-30.71,29.894,36.123,-24.618
3.3019,2.0841,-4.6559,17.841,-0.87449,1.8684,-101.88
-8.743,-4.6422,-2.3583,-67.11,8.8691,-27.214,-27.21
-5.5462,3.0368,4.427,6.3982,-14.901,-21.7,-5.3283
4.0081,0.288,0.10225,-79.647,42.214,-28.771,-115.28
-8.7081,-6.9384,-1.1642,-69.832,-25.617,-10.107,-11.234
-5.2927,-4.9251,3.4087,-63.212,-4.9473,62.974,-40.381
6.7199,7.3677,2.3399,-45.095,26.488,47.04,-98.771
5.4799,2.7406,-4.5208,-58.422,35.886,78.697,-91.609
-4.2052,-5.2016,2.1553,-33.421,-26.924,78.534,-29.729
-6.0976,-1.3972,-4.7403,-18.633,-26.95,38.252,-42.966
-3.5644,-2.8187,3.2887,-57.061,41.576,32.16,-68.99
3.8107,9.7561,2.3454,-12.082,45.106,23.432,-55.513
7.2736,3.2645,1.6411,-21.329,-19.724,29.489,-52.54
-7.3694,-6.4047,-4.9699,14.348,-14.003,39.425,-78.73
2.0099,-7.3125,-3.5452,-38.424,57.085,59.105,-44.291
-8.8633,2.56,-1.2161,-53.692,44.976,9.8919,-117.22
1.5519,-8.1392,2.2456,-39.7,29.427,-8.6169,-106.46
5.1328,2.7486,-1.0192,10.712,87.931,51.116,-60.491
3.3504,-9.1898,1.3414,-12.006,29.397,60.406,-45.445
3.1186,5.1672,2.9194,-88.233,57.305,45.525,-106.71
2.6056,4.4726,-2.5735,-13.339,42.898,-28.435,-127
-3.9673,5.2507,-1.6774,-63.025,15.912,-22.666,-76.083
8.3873,8.4792,-1.7407,13.499,20.433,40.828,-30.282
5.2316,-9.1947,0.76856,-13,33.622,28.823,-30.736
9.5389,-7.2412,-3.9131,-23.4,25.965,78.96,-89.064
7.8165,-4.2886,2.9876,6.4378,-7.295,18.207,-89.887
8.0266,2.935,-3.5269,-54.718,27.985,64.64,-124.61
5.1413,5.6544,-2.7624,-72.563,40.348,32.276,-110.55
-4.9076,-7.1889,-4.7008,-13.964,38.706,33.488,-24.838
4.4906,-9.2225,1.2843,-2.9585,86.128,-28.402,-117.05
0.37466,-5.1833,-2.7708,-40.301,86.436,-14.464,-22.001
-5.9888,-4.5368,-2.8324,-25.744,-12.966,7.0633,-63.525
1.0312,3.0204,-4.2894,-0.67345,-21.375,-17.381,-127.19
7.1529,1.9586,-4.9782,4.313,-28.924,66.613,-1.6317
0.39957,-0.97481,4.0834,-84.618,12.63,-4.9434,-23.994
2.4554,-5.8187,-0.59273,-55.998,77.852,73.921,-9.878
8.5719,7.5853,-2.0019,-89.371,89.57,39.874,-35.987
0.36065,7.3208,4.7146,5.4847,-23.674,-1.9969,-127.52
8.0543,-1.9276,-0.44094,-88.742,87.882,77.895,-58.703
3.0213,-7.5016,-0.93934,-88.579,-7.7383,61.973,-18.012
-1.0484,9.6748,2.088,19.188,-13.971,-27.969,-95.61
-1.7964,6.3383,-2.9172,-74.309,70.459,51.714,-33.357
9.949,4.2486,4.5996,-2.9752,-0.11237,-29.181,-70.622
2.1391,8.6843,0.57712,-51.8,22.345,58.709,-29.94
3.5201,-9.0387,1.9745,-87.603,67.352,39.406,-114.51
-2.2102,-5.6744,-0.061059,-11.031,22.369,79.165,-58.947
2.9851,-0.52629,0.0020204,-22.631,58.233,26.989,-102.8
0.70919,5.4988,-0.96594,-86.976,73.103,74.855,-121.12
-7.8904,-8.1338,2.1657,-65.266,65.025,7.9633,-108.08
2.2261,-8.7519,2.2637,-2.5788,1.2033,19.742,-120.98
-6.2836,8.2304,0.20548,-10.712,79.547,81.181,-48.94
-2.3925,-4.3403,-0.34714,-58.334,69.487,-21.684,-49.143
6.3679,8.6921,3.7086,-37.441,87.014,-7.7653,-78.488
-3.6429,2.1044,-0.34688,-49.197,82.642,79.531,-125.76
-9.4954,1.9356,-3.6815,14.176,7.2471,69.694,-5.0143
0.29538,-4.6084,-3.5505,-57.4,72.928,72.912,-17.779
-6.0703,6.8737,-1.7836,7.4516,35.124,27.036,-12.049
-0.27582,-0.31561,-4.4275,-83.027,-6.8364,12.726,-121.54
5.1502,-5.0832,4.866,-51.182,80.251,85.208,-123.83
-6.8153,4.9068,-0.88979,-65.891,53.11,23.955,-83.578
-3.519,-5.9416,-4.4574,4.4534,68.547,-16.333,-124.33
6.0024,-3.7379,1.2605,-76.938,-20.114,-4.8129,-21.555
3.112,-4.39,3.2768,5.9402,4.6916,18.144,-105.3
8.0661,1.5218,-3.2924,-81.324,35.627,70.21,-19.829
-3.9376,8.6034,-3.988,-7.675,21.223,4.7944,-34.325
-1.1039,7.8001,-4.232,-55.363,80.311,3.1458,-81.038
-9.6908,2.3231,4.83,-23.809,31.34,29.074,-27.521
3.0952,1.9047,0.39054,-80.636,88.683,-20.486,-11.744
2.119,-9.7452,0.49111,-34.7,66.37,31.098,-99.078
0.99043,7.0161,2.2375,-10.074,82.971,50.785,-63.249
-2.9893,-5.5223,-4.3209,13.406,6.0183,80.619,-28.297
-4.5718,-2.9251,-1.3635,-17.858,3.5584,-22.841,-47.13
5.6365,-7.3383,-1.5782,-55.66,75.472,35.689,-7.7068
-4.4111,0.61428,2.3228,1.7814,-2.4692,80.903,-47.687
-1.5789,6.1,-2.9312,-55.591,74.711,40.404,-98.3
3.858,-5.3568,-2.0953,-67.479,71.174,-18.901,-24.358
-6.4274,-1.2569,2.0158,-41.782,9.925,28.407,-1.8662
2.2869,1.6786,2.0457,-33.721,39.158,85.891,-19.928
5.1814,-3.3308,1.7668,-46.294,-13.977,44.062,-104.01
0.23058,9.2951,0.47283,-29.014,-6.7414,2.2961,-119.91
4.8922,-5.1263,-0.88628,-61.389,26.433,16.157,-26.843
-4.395,-1.6615,-2.3541,-32.062,18.695,36.503,-34.892
7.4517,9.8356,2.9676,-18.661,34.213,4.2986,-13.596
-4.317,-5.5453,-4.4686,8.9191,-6.0687,55.906,-94.518
-2.9988,-5.089,-2.7685,-62.181,57.709,66.729,-101.49
-9.3003,-0.4001,-4.7595,6.3953,51.406,68.293,-25.423
-7.7824,1.6906,0.78773,-9.0573,62.73,33.339,-47.32
-3.4849,7.1884,2.0351,11.364,42.937,8.2251,-65.316
6.9759,-6.9855,-1.6456,-66.969,30.754,67.046,-4.6252
-4.1219,-7.442,-4.9827,-69.909,2.5048,-14.926,-96.56
-8.1343,-8.1375,0.97602,-4.5486,72.665,68.761,-37.76
-4.5433,9.1343,-0.84716,-25.321,54.187,4.7247,-17.376
0.85432,-6.812,-1.0409,-82.045,-12.979,44.851,-6.2553
0.96788,-1.7239,-1.1727,-56.012,86.474,69.931,-100.21
-1.2519,-7.3524,2.954,-10.284,-19.351,-21.243,-2.9184
2.8852,6.1825,-0.048528,17.864,17.125,30.047,-47.249
-3.4912,-0.16674,4.6625,-89.176,0.85381,78.762,-56.17
-1.3853,3.3012,1.4288,-26.635,55.253,-8.8749,-6.9444
6.3162,6.8609,3.8539,-15.31,18.491,85.474,-103.21
-0.13208,-0.95365,-4.8884,13.312,63.928,85.441,-68.293
1.2692,8.9101,4.8524,-44.881,83.998,41.53,-45.557
-2.1321,9.6727,-3.7837,-46.063,56.202,56.327,-89.14
-2.3918,5.7654,2.3482,-84.856,38.644,9.0037,-53.475
-5.2122,-6.5974,4.3372,-15.043,61.021,27.122,-122.81
3.3437,-1.6525,-3.6969,-14.576,37.221,77.652,-35.53
3.5214,-9.853,0.76723,-5.015,12.2,69.375,-104.63
-4.7357,-0.23263,2.6762,18.87,12.345,15.843,-126.32
-0.15651,-6.7032,2.9078,-62.394,-7.7622,6.7026,-114.08
-8.2498,5.2374,0.33782,-11.971,-15.497,15.692,-75.215
9.5297,-2.8629,3.7123,-81.185,75.47,60.847,-52.048
4.8547,7.0367,-0.105,-80,20.942,0.36203,-79.932
5.7049,-1.688,-3.8757,-1.7874,11.313,54.485,-84.54
-2.4619,2.9049,-3.3529,-26.188,38.544,22.652,-35.286
3.4645,1.7343,-0.79746,-30.792,15.205,-15.445,-125.62
-6.9169,-3.1666,-0.20593,-60.082,74.76,21.455,-98.177
9.2279,-6.7385,1.4883,-22.391,-3.7924,88.473,-89.21
9.1407,9.1283,-0.070465,-4.8704,12.16,77.191,-82.604
6.8108,-8.6442,-3.5671,-46.246,-21.853,62.375,-52.049
-7.0067,2.3435,1.4687,11.411,-22.09,83.642,-7.3358
-4.888,7.8192,2.1988,-45.139,-25.133,87.115,-87.439
-5.9291,1.6775,4.5747,-60.282,12.58,83.015,-71.243
-2.0267,-0.85098,-0.21508,-45.817,71.28,10.974,-57.733
3.5571,-6.2119,-2.5455,-79.507,47.266,86.803,-87.102
-7.6786,-8.0608,1.2486,7.4039,-13.557,48.538,-105.84
3.4741,2.1481,1.2841,-73.394,-23.401,-14.798,-52.095
5.1682,-1.7721,3.3384,-39.678,79.527,-18.335,-119.53
-0.34135,-8.1097,4.2104,-45.665,23.266,-21.764,-69.913
-9.7586,4.5071,3.5655,-31.531,41.105,29.875,-8.9112
-5.2514,2.9556,-3.1776,-55.722,35.365,8.2078,-13.842
4.2595,-0.84871,0.15766,-54.345,17.672,32.286,-70.285
-5.2962,8.8928,-4.6338,-43.331,17.363,41.166,-122.29
0.85554,5.2191,1.8088,-33.374,21.417,71.361,-97.033
-1.4127,-0.84404,3.4074,9.383,46.841,63.422,-26.383
5.8589,3.4502,-3.8032,-11.819,14.942,-2.0925,-100.84
7.0543,-3.8938,4.4392,13.458,25.095,63.941,-56.56
-9.2183,-5.0658,1.4161,-71.039,72.698,21.874,-123.41
8.3485,1.0385,3.1967,-39.414,86.396,-29.303,-12.46
-3.5229,-5.3385,-2.6145,15.021,44.369,-23.071,-91.335
-0.67324,-5.1535,4.4742,-36.912,24.05,63.772,-64.228
-1.2072,0.14893,0.0078616,-21.409,81.13,-28.948,-127.07
-0.33556,-6.6408,4.5861,17.303,6.5389,49.889,-20.194
8.9059,-0.70842,-0.32251,-81.521,4.6813,69.306,-78.209
-2.384,9.1658,3.8195,-67.242,-19.454,24.824,-15.604
4.1388,5.5746,1.8816,-77.207,50.008,32.029,-7.2351
-1.5074,2.1132,-1.1969,-62.776,62.937,86.251,-70.813
-5.7586,4.6256,3.4956,-35.592,50.335,21.639,-30.01
-3.7354,8.7297,2.0214,5.2943,-16.725,-2.3681,-61.593
-1.1353,-6.7179,0.89083,-32.813,59.53,-12.586,-102.35
5.097,-1.7063,-0.98632,-1.2006,-25.808,52.514,-32.969
-1.2944,-3.6894,2.0504,-30.433,-14.238,61.486,-52.724
-8.0282,5.433,-4.7748,-58.605,54.709,67.523,-93.327
-0.54418,3.4608,-3.8983,-75.161,70.681,17.45,-106.07
4.3175,9.1289,3.3599,-46.079,63.798,26.337,-41.68
0.6491,-9.8574,-4.2824,3.2555,42.365,17.538,-94.027
-8.4996,9.7004,-4.6833,-16.132,19.033,12.512,-32.831
-3.9237,4.8799,-2.7618,-34.149,43.822,1.3032,-117.25
0.67776,-2.6312,-3.2208,-63.224,38.311,-22.073,-27.524
-3.5381,4.3826,-2.8743,-57.521,7.9345,-6.5525,-35.083
-2.9768,8.5076,1.6852,-28.035,-9.5003,29.046,-122.46
-1.3519,5.7215,0.97919,-17.996,-22.644,12.866,-58.916
6.8898,-0.87016,3.0127,-48.549,37.003,18.638,-95.868
9.6562,-1.0464,4.8034,3.1887,-25.728,20.763,-124.18
-6.428,-2.2569,-2.5452,-35.152,18.875,65.234,-73.691
-1.7528,-5.3108,-1.6497,-23.358,30.014,68.329,-30.42
3.2802,-7.8938,-4.0094,-17.472,51.729,50.124,-61.317
-9.6534,-8.9367,2.6888,-25.571,19.875,68.499,-105.77
8.7706,-3.9185,3.4581,-33.817,87.881,9.82,-54.837
2.2257,-3.8092,2.1569,-71.991,-4.8109,-10.478,-41.282
3.0187,-5.2735,-3.3207,-61.28,1.4959,59.633,-16.147
7.3274,4.3459,3.4701,-75.027,-13.895,1.6227,-32.845
-0.049793,4.2578,-4.3838,-84.564,81.622,-29.067,-50.749
-0.87696,-5.9572,3.3412,-89.611,72.351,26.321,-95.171
-1.2319,4.3047,-4.337,13.929,64.018,84.102,-48.139
-6.0186,-2.7093,-1.358,-29.969,62.095,76.654,-2.9475
3.5672,0.36489,4.3418,15.161,67.897,19.575,-10.129
6.944,-0.95951,2.5617,1.545,28.264,37.818,-31.866
8.6015,-3.0422,-1.4377,-6.5172,-14.048,36.619,-48.678
-2.9487,6.6485,-4.8692,-19.482,87.898,2.2396,-85.423
2.253,-4.4794,-0.9186,18.453,73.687,82.268,-39.934
-4.8432,7.0945,-3.2165,13.631,75.474,54.178,-55.933
9.8357,6.7624,-0.1183,10.718,-6.0689,28.625,-78.544
-3.4969,-9.1294,-1.456,-6.8267,86.015,62.539,-37.194
8.1253,-9.6664,2.8071,-21.098,27.124,-29.974,-9.3894
4.048,3.8923,1.1749,-45.015,13.312,-28.359,-124.26
7.7998,-7.7347,-3.3987,-84.328,66.784,68.471,-45.439
-6.7851,7.4239,2.6491,-35.404,42.042,-22.12,-27.592
8.9826,-4.172,-0.21506,-62.476,8.4133,43.66,-95.555
4.6838,-6.623,4.4247,-64.107,82.318,10.854,-32.974
9.5837,6.0427,-0.17474,-25.462,67.17,16.105,-86.174
0.61166,1.5985,-2.6676,20.254,7.7843,-5.7344,-34.881
8.2231,1.2963,0.71448,-9.3205,-16.289,11.974,-63.732
-7.4128,-8.8214,-3.9517,-82.561,13.233,23.336,-42.556
9.8972,-4.6653,-2.7046,-34.502,23.512,40.332,-109.36
-7.1832,4.7204,-4.3918,-13.03,42.012,-26.168,-120.62
-7.7112,-0.94759,0.35279,0.13929,71.219,6.266,-112.97
8.5498,-9.8588,-2.9982,-71.025,86.845,43.768,-63.069
-2.8192,-4.3084,3.8644,-72.447,19.319,54.232,-51.169
-3.7208,6.9939,3.7194,-62.405,82.784,-27.566,-17.571
-4.2977,-4.5411,-0.23417,-79.492,51.907,76.421,-118.06
-0.20991,-5.3795,-1.2558,-69.607,10.011,32.773,-102.23
-8.944,-4.8643,4.8915,-0.87437,-0.088867,18.752,-24.102
-4.0822,-5.5821,4.1482,-50.474,28.929,-3.129,-91.295
-5.4021,-4.7608,1.1945,-80.357,7.657,3.2055,-60.458
8.7053,8.3174,0.75359,18.563,1.352,15.033,-102.2
5.6119,0.75571,2.4124,18.406,-8.3936,-16.914,-71.834
2.9003,0.67278,-2.7973,-57.521,14.065,69.321,-107.69
2.9941,-8.9545,2.1418,-27.079,-18.238,37.581,-20.664
-4.0499,-9.2383,0.41467,-66.392,86.476,-24.208,-66.254
8.3229,-2.5217,-0.099271,8.8929,0.16718,41.462,-105.75
2.8327,1.5382,1.7798,16.502,-23.456,80.353,-38.1
2.7273,-4.6166,-0.45856,-5.7705,67.529,-14.755,-55.21
2.466,6.4253,1.4922,-74.159,12.82,27.431,-71.748
9.893,9.8273,4.3907,-77.161,21.017,-4.62,-116.06
7.8016,-4.8309,3.4943,-63.858,56.558,-11.33,-10.184
-9.1801,7.7815,-1.6799,18.633,0.12926,-25.828,-112.86
9.2058,-9.3529,-1.2216,-12.762,-4.8116,34.116,-45.978
-7.4747,5.4903,0.37389,-24.523,-15.683,43.539,-62.5
7.8258,5.0884,2.9981,-75.404,2.9535,82.467,-128.66
-9.6387,-2.5569,-4.9087,-29.351,20.7,63.47,-99.788
1.2292,-3.7571,-2.9543,-21.862,25.687,43.713,-0.7863
-0.40088,-1.2696,1.78,-16.971,-14.056,-3.0129,-17.112
-1.0848,-5.9555,3.8667,-27.053,42.935,33.226,-82.478
5.6384,2.5982,-0.51109,-88.438,-15.317,60.969,-58.663
-7.7828,-2.2014,-2.5063,-64.553,32.555,15.689,-36.151
-0.74891,-7.8908,-1.4616,-16.446,26.435,-7.5042,-3.9297
8.8647,1.1753,-3.9768,-65.755,61.447,-23.462,-83.605
2.9926,-2.2574,-0.88979,-82.808,15.558,33.217,-59.598
-8.8356,7.3513,1.9573,3.3907,41.971,64.612,-46.04
4.4212,4.3751,2.1117,-3.6635,28.951,14.396,-100.36
-2.5334,1.0302,4.0667,9.9538,24.301,-23.869,-96.347
-3.5194,6.201,4.9848,6.3198,9.4012,48.371,-32.789
-7.908,3.9957,1.0659,-32.371,48.345,88.994,-102.61
-1.5083,9.399,1.5815,-24.648,7.3045,-28.838,-127.42
2.0097,-7.0209,-3.3483,-51.459,54.369,-29.606,-19.686
-3.4205,2.3645,0.09029,-27.484,78.801,49.325,-101.11
-9.0161,-7.3816,-2.0195,-27.997,23.315,81.173,-129.12
-8.7666,-5.8779,-1.5072,-66.838,-4.3604,9.4036,-35.879
-9.8711,-3.8486,-1.5993,-41.555,-6.1143,14.517,-97.219
6.9517,1.7766,-3.9067,-69.018,29.31,-19.322,-121.04
-4.1184,2.0193,-2.3705,-56.251,4.7652,77.754,-118.91
2.3258,-7.1018,-3.8882,-74.06,85.692,28.983,-81.166
4.2045,-7.6788,4.358,-54.836,87.209,31.75,-65.983
9.6826,9.5391,4.4727,-87.051,13.635,-22.544,-19.912
-0.39121,3.9464,-1.5054,-62.646,72.5,75.873,-113.23
-9.0762,2.5305,-4.0806,-26.234,48.946,32.418,-9.3465
8.1945,9.1321,-2.5945,-67.334,30.348,34.015,-5.8635
3.5979,1.9314,0.28813,15.494,18.496,66.745,-128.99
-8.8701,-6.0179,4.2858,-40.218,63.911,1.5087,-128.5
-2.6763,1.716,-3.2122,-24.306,36.979,39.892,-44.912
-2.6238,-0.41451,3.8976,1.2328,74.441,83.695,-35.825
3.7987,-9.6859,3.0207,-62.791,79.2,2.0914,-123.5
3.3529,-4.6083,3.0597,7.5391,-27.261,50.092,-92.058
-6.806,-2.0824,3.8028,9.2782,28.981,12.457,-45.267
-2.4434,5.0696,-0.54612,-13.736,59.578,-11.794,-86.747
-9.5634,-3.9172,-3.7639,-25.757,43.622,64.87,-93.17
-0.60869,3.7532,-3.3266,-57.987,37.921,17.945,-14.898
-5.6459,1.5066,-0.29506,-34.456,30.901,8.5083,-14.328
-4.9197,-7.0799,3.8455,-76.85,81.862,70.877,-60.636
-1.5927,-4.1186,3.8263,5.2436,68.135,-24.901,-87.323
2.0137,-9.3231,0.36993,-65.887,51.012,-27.716,-109.21
-8.5595,-1.3954,0.91379,16.655,51.914,17.755,-6.9579
2.132,-1.9794,4.3467,16.051,28.221,85.725,-10.936
-9.8522,-3.4813,3.0276,-31.475,85.073,-16.993,-107.14
-1.1925,5.092,4.1022,-74.253,68.681,7.2707,-36.504
5.9761,-3.8967,-1.2354,-87.704,41.368,32.782,-2.3796
0.44517,7.7085,4.7244,-8.4472,33.615,90.002,-46.455
-5.8325,5.2356,2.9262,-51.72,-23.148,-6.7163,-76.844
-7.3222,7.6746,-0.17762,-52.568,8.7814,55.551,-50.202
5.6424,4.1594,2.7794,-62.246,6.817,68.169,-18.593
-2.4753,-8.8806,-3.7195,-78.42,60.764,73.944,-129.57
8.7457,0.19177,-2.8372,-84.325,47.995,18.248,-28.205
4.5901,9.409,0.027203,-48.525,60.604,21.286,-81.047
6.3032,-2.3971,-3.6463,-10.975,-18.164,61.576,-91.363
-7.9762,3.8598,-4.1513,-33.857,22.487,3.7544,-91.162
8.2565,-4.4399,1.9137,-84.657,8.9073,-27.376,-14.768
-2.6812,9.8651,-4.3564,-33.906,66.6,57.671,-76.313
-4.8959,-2.0885,-2.454,-43.679,50.446,80.757,-23.649
6.4848,2.4628,3.3158,-80.473,-26.894,-28.544,-103.38
9.8339,9.6344,-2.8119,-49.114,-6.9732,-8.3592,-80.142
4.8137,-2.3122,-2.3946,-3.7384,8.8869,15.434,-123.83
-3.8188,-7.4394,-4.803,-75.421,6.029,-2.109,-83.504
6.1707,-9.6622,0.94765,-57.108,-10.766,-27.668,-107.39
-3.8249,-4.5074,3.8409,-44.609,27.314,57.273,-19.277
8.6757,1.5097,-1.9112,-76.664,53.757,85.184,-6.7773
9.3482,8.8276,-3.2775,-11.386,40.605,14.634,-65.614
2.8048,1.5221,-0.55999,-23.733,6.9541,74.647,-44.535
-7.3894,1.5601,-3.6671,-31.598,35.036,2.065,-75.344
-0.99387,6.892,-4.6309,-68.859,-27.433,37.526,-7.3532
-5.3645,-0.22629,1.5685,-67.411,87.446,80.565,-16.386
-9.4722,2.2018,4.1698,-19.028,45.211,-3.5616,-72.001
4.9048,2.3688,0.74709,-54.609,39.565,-24.559,-19.089
-1.2737,-5.8881,2.0073,-62.513,-19.88,-18.662,-128.44
-7.6297,8.1617,-0.61985,0.72215,-19.197,5.5221,-45.099
-4.3785,-0.61338,1.982,-48.157,51.811,19.993,-2.7083
7.2421,0.42531,1.5531,-76.882,55.333,64.267,-63.823
-6.1447,3.8304,4.6577,-82.107,78.705,-19.479,-65.542
1.2311,-4.189,-4.0942,-32.265,11.173,61.289,-10.657
-1.4931,-5.0469,-3.083,-54.952,17.826,10.045,-33.484
-3.9785,2.4582,3.9102,5.7691,69.747,64.375,-67.796
-9.6415,-7.7587,-3.0871,-19.032,27.296,-2.7065,-69.404
8.408,7.1585,0.25163,-70.447,35.469,77.354,-71.393
-5.4822,9.9449,4.9168,0.65401,62.588,66.956,-81.652
9.8436,-0.82511,1.3557,-17.902,-23.508,-24.85,-35.435
1.281,-9.9338,-4.2507,-7.3353,-23.949,32.081,-23.101
6.4258,3.3704,1.2147,18.911,39.426,28.722,-85.617
9.627,6.52,2.2271,-70.362,-21.424,-19.637,-102.02
2.3451,1.2478,3.3531,-39.782,-8.4459,-28.704,-118.16
-6.7435,-7.1893,-3.6798,15.26,43.301,8.5481,-38.08
-9.7918,3.5179,-3.2904,-27.609,60.9,-10.639,-63.771
-0.29983,-0.056572,-1.4081,-73.673,54.068,-28.324,-22.971
-6.7956,-3.5765,1.9076,-40.416,-27.019,10.758,-102.26
3.6921,8.1079,2.7706,-39.357,22.687,-29.537,-111.59
5.6288,2.101,0.41963,-21.905,-13.497,51.836,-62.457
4.4864,9.7526,3.3208,19.88,86.67,43.152,-33.947
-1.8221,-8.1189,-3.9544,15.79,81.225,72.001,-2.1725
-3.7667,2.8581,-0.77944,-20.26,-0.98941,61.51,-61.32
-0.84242,-9.3155,0.12063,-89.716,-28.004,40.992,-92.474
3.3597,-7.1097,0.27266,-67.296,30.898,30.61,-69.166
8.6329,3.0946,-4.1052,-81.761,65.204,20.985,-31.671
-7.1286,2.4289,0.43679,12.667,-29.974,-19.926,-84.135
-5.1499,-3.9017,-4.1885,9.0092,38.117,-14.333,-64.149
-1.0419,5.0723,-0.52629,-89.674,0.039806,28.386,-81.628
5.3809,-0.58695,1.0437,-29.515,52.783,32.048,-18.485
-5.4903,-5.0908,-3.2083,0.93778,42.244,54.877,-69.104
2.8184,8.5303,1.4042,-21.43,57.85,40.086,-115.6
8.4275,-9.3735,-1.4471,-27.981,26.382,32.854,-59.564
9.4044,-0.85355,-4.2368,8.113,-5.1285,85.512,-120.37
5.8462,9.1268,0.55516,-18.037,-3.2208,29.946,-82.235
-8.4098,1.7478,-1.3736,-66.382,-21.597,27.134,-93.688
-1.2765,-5.4001,-0.60243,-8.5862,-4.2323,43.177,-43.771
2.5059,5.5446,-4.8708,-62.069,87.278,50.738,-39.789
-2.1877,8.4442,-2.9434,-82.541,14.071,70.601,-127.9
9.4584,-8.2633,-4.2679,-38.797,50.425,-16.509,-3.4995
-3.3767,-2.0419,1.6756,-42.851,41.16,-6.5306,-48.706
-8.2713,-5.9027,2.5892,6.5928,76.442,83.425,-104.73
-1.521,-6.7968,-3.4902,-28.754,-7.4688,5.7962,-95.546
-7.3621,-9.2651,-1.4938,-69.151,-26.835,49.643,-63.762
-1.8059,-3.7236,0.61405,-39.985,60.386,52.995,-93.181
-2.3839,8.2153,1.4691,3.2547,47.16,-11.612,-15.502
5.018,-0.96085,2.4004,0.082895,85.305,45.361,-7.0918
7.93,6.501,-3.0154,7.76,-0.34147,67.322,-120.68
-0.49936,-7.8483,1.9182,-59.306,49.032,69.964,-78.037
-3.1909,6.4476,-4.2313,-28.026,83.909,30.057,-44.902
-5.1402,3.0474,0.83531,-63.061,-7.9358,-24.325,-68.138
-6.6909,-9.0823,-2.7085,-26.489,18.675,-10.227,-48.997
-8.6011,-5.3635,-2.2439,-1.2014,87.096,-29.991,-60.785
-0.30814,6.0738,1.8252,-87.735,-14,46.362,-53.019
7.3114,-3.3645,1.9551,-19.468,37.419,81.274,-75.245
-0.77632,-1.2925,0.93853,-81.275,-25.708,5.2602,-98.863
-5.9044,-9.7637,1.4739,-12.451,63.616,71.826,-88.507
7.6076,-1.0504,3.2051,1.0719,74.646,3.0897,-12.623
6.4237,-7.1744,2.0148,-13.104,14.679,38.204,-48.871
-2.4159,-3.015,2.6911,-77.694,50.061,78.845,-103.3
0.8211,-3.2495,-3.5074,-60.725,50.301,35.225,-42.549
-8.2474,-7.5741,-2.2771,1.6493,49.386,83.138,-123.58
7.403,-3.5626,-0.058957,-24.321,41.517,6.4987,-93.775
0.65353,3.5885,-4.1654,-78.281,21.098,7.8488,-111.94
5.2332,-4.8578,1.877,-21.108,34.579,58.328,-119.77
4.4104,3.3015,-1.7635,-33.494,22.296,-22.194,-96.331
6.8372,-5.3633,-3.7042,-80.524,-5.6226,7.7828,-3.4312
-4.3805,1.1004,-0.14712,-8.5237,84.856,-15.624,-103.51
-6.6542,-9.0053,-2.3175,-84.248,65.101,-6.8136,-51.717
8.1503,-6.0937,0.53409,-72.004,-4.4775,49.152,-124.69
1.6798,5.8292,-1.2247,-3.2615,5.4921,36.072,-119.63
-6.5929,5.9253,-2.3105,-81.888,70.083,-15.035,-107.78
-7.9029,-0.2929,3.6996,-79.493,52.969,-14.056,-91.709
-9.2505,7.1307,-1.1518,-75.628,49.851,2.9734,-54.282
-7.465,5.3081,0.24919,-8.8386,12.001,89.213,-68.756
4.293,-1.2785,-0.088333,-69.865,-0.88704,-21.532,-119.46
3.293,2.1727,0.7352,-64.208,7.2163,22.677,-61.244
3.0421,9.9385,-4.1854,-44.49,39.521,63.343,-40.755
-6.4843,-5.2454,-2.4892,-12.286,34.22,66.247,-55.495
-9.1072,-3.5433,-3.5319,-24,80.89,18.808,-126.07
-8.4232,4.4072,-3.0235,-9.0639,41.871,-14.677,-11.618
-2.0893,-3.8105,-1.6243,-32.586,-2.4144,89.362,-7.7838
-2.9775,6.526,0.019023,-52.422,77.099,28.873,-125.95
-1.6853,2.6599,-0.76636,-57.255,62.089,69.806,-105.2
-1.5312,4.7485,4.713,-11.248,28.429,73.68,-28.542
4.0074,8.4793,2.7843,8.751,12.676,-25.591,-111.7
-7.0313,5.5391,-1.8428,-77.513,88.178,8.5299,-128.19
7.8585,3.2566,1.5382,-50.85,53.529,32.642,-32.197
-6.2373,7.3842,-1.4501,-10.499,71.3,73.581,-124.32
-0.56294,-0.99136,-0.20906,-70.871,15.643,14.004,-54.446
7.4298,-4.3865,-0.026235,-77.576,49.671,38.553,-18.269
5.073,4.8263,-3.2271,-56.523,4.7313,64.274,-30.799
5.463,9.0914,2.9173,-51.376,47.618,-22.714,-12.459
-6.4002,-8.6502,-4.3003,9.6372,21.156,19.808,-70.37
-3.1157,7.9898,-2.293,-12.76,25.386,43.217,-117.39
9.9011,3.0324,2.0474,-66.331,-7.1279,4.1633,-84.629
-5.3389,-4.7784,0.73279,13.134,82.661,-11.353,-21.549
9.5178,-8.1092,-1.7169,20.014,29.346,25.7,-58.404
-2.5793,5.7505,-4.4764,-78.014,59.638,8.7066,-62.424
-3.5247,-2.2575,2.7097,-41.655,52.93,89.117,-14.698
2.5842,7.698,3.3474,-51.487,-10.346,34.857,-98.216
-0.8381,0.0047313,-3.3725,16.747,-18.898,79.897,-14.052
-1.5978,-5.8656,1.5494,0.21607,70.895,3.0952,-6.3582
-0.16942,0.89473,-2.1176,-72.075,48.8,31.052,-122.85
-2.9449,5.1437,-0.75687,7.631,-2.9162,39.107,-17.889
-1.7945,-3.5124,4.7616,-16.778,0.27497,49.889,-27.911
1.875,8.7651,-2.1299,0.96512,-13.588,65.275,-20.61
8.323,-4.0059,-4.7936,-14.478,87.071,0.36341,-48.571
5.8073,5.1846,-4.3007,-57.961,71.607,-27.19,-97.894
5.422,-3.289,4.9367,-69.538,37.537,-15.004,-74.591
1.9536,-7.1057,4.1667,-21.579,59.834,63.257,-57.6
1.2613,-3.8411,-0.54423,-33.662,76.417,-16.565,-90.481
-6.7238,3.8946,-2.8224,-30.433,89.742,2.6236,-126.87
-2.0024,7.1735,-3.9699,-44.335,64.775,32.405,-19.474
-1.814,-2.2966,0.17234,12.462,-26.233,35.249,-64.676
7.9599,4.5877,-0.84956,-84.97,72.295,66.424,-66.268
2.8786,-1.8757,-4.7508,-28.689,4.7928,83.158,-98.694
1.7256,5.4808,-2.5922,-32.49,36.478,10.469,-114.73
4.5813,-4.8425,0.98619,-84.688,-17.155,-7.1864,-71.209
-3.5221,-9.2167,-4.3007,-86.244,37.62,34.087,-74.945
0.90934,6.7757,-2.8929,-42.507,-15.501,53.164,-113.82
1.1837,0.45477,2.7904,7.0795,-16.977,46.306,-42.643
-2.9893,-4.8226,3.2744,-59.491,62.205,-18.9,-92.268
1.3385,-2.0919,1.8377,-67.564,-8.1431,67.348,-90.285
-6.6325,-8.9603,-1.0224,-81.736,40.17,-19.709,-89.009
-0.29311,-9.431,1.2514,-62.789,16.119,5.8997,-18.319
-0.87641,2.0236,-1.6652,-66.679,37.409,75.23,-59.28
-7.5485,-4.0081,1.8241,-7.3952,35.483,56.659,-59.129
7.2719,-0.17118,-0.73223,-2.6817,16.879,27.102,-21.249
8.8424,3.2465,-3.8476,-73.005,5.236,81.257,-104.71
8.7967,3.1702,-1.7686,-85.73,86.651,25.684,-77.765
2.5487,9.9367,-4.4441,-54.714,88.209,63.481,-94.341
7.3521,-8.7733,2.753,-78.532,62.541,63.768,-4.2464
3.124,0.011998,-2.4458,-64.514,-0.11118,20.947,-38.167
-8.3641,2.8098,-2.7273,14.482,-12.199,18.208,-52.932
-9.821,3.5155,4.3868,-19.795,38.872,31.275,-50.349
9.1,-5.4326,2.2763,-68.351,22.98,10.848,-87.721
-0.78413,-9.5453,-1.3515,-52.917,81.258,8.176,-83.051
-7.6543,-7.4192,1.8386,-11.738,18.548,-29.251,-45.052
9.6042,-5.2025,-0.33461,-20.202,89.355,70.654,-64.219
-5.3323,-1.359,-4.2077,7.6849,26.367,34.983,-14.861
1.4667,0.7675,1.1159,-72.699,64.861,-12.472,-80.345
-2.8276,-6.8756,-2.4233,-38.165,-2.1233,-23.365,-68.34
-2.2051,9.6892,-4.4019,-3.331,15.847,42.997,-70.68
-6.1349,-5.9414,2.341,-73.027,63.475,-26.104,-53.917
-1.968,8.7245,-2.086,-73.568,79.591,80.955,-22.568
0.18173,-0.028141,1.5961,-72.801,54.923,37.944,-108.85
-4.0737,-9.1518,3.0697,-15.36,26.636,-3.3582,-38.268
5.0428,-4.818,-4.8824,-38.49,-3.1104,73.125,-83.26
-7.5558,1.6279,-2.1604,11.868,14.538,-26.295,-118.12
0.18828,-9.4279,-2.7878,-14.146,52.297,30.802,-2.9479
0.67839,2.3875,-0.66655,-30.391,79.194,-21.206,-22.824
2.5213,-8.1285,2.7524,-3.0682,3.4341,39.008,-120.07
6.2849,8.1074,3.8391,-2.2541,85.749,85.517,-37.724
-8.7477,-9.9997,-1.9398,-64.563,25.715,2.1185,-8.1722
5.4879,6.0862,4.4554,-71.47,79.154,77.06,-92.623
-0.48091,-9.0399,1.9676,-1.5036,26.296,18.007,-76.281
5.8392,-9.2391,2.5236,-47.454,20.166,13.813,-40.665
0.28395,6.5169,-2.5163,-89.136,3.4786,-24.045,-9.7411
-3.8883,8.4497,-4.8896,-70.974,66.122,72.392,-105.07
-5.4065,-0.16901,2.0563,-43.214,-12.918,34.101,-117.21
-9.4599,3.9693,-3.2885,-25.582,73.695,69.862,-49.294
0.34832,-6.8114,-0.12924,2.3302,49.642,17.278,-17.278
6.6614,0.84614,-3.4035,-75.61,60.604,46.464,-91.571
-6.7848,-7.2627,-3.7237,-23.367,85.824,-8.7695,-7.2969
-9.7019,-8.3168,-1.158,6.9179,81.989,-7.6738,-65.259
-5.7507,-2.7318,3.0947,-85.898,86.972,68.814,-39.345
-9.9552,-3.5047,-1.3901,-12.169,82.977,-0.0088679,-76.708
-9.9034,-4.4749,-3.8165,-75.672,15.741,56.839,-75.46
9.7648,-5.3346,-2.7333,-43.881,-6.4697,-13.663,-32.868
-3.2097,0.068553,4.2075,11.436,21.492,19.248,-129.48
-9.7027,-2.2958,-1.0452,-80.732,89.593,18.445,-56.726
0.28981,0.11573,3.5338,-44.681,38.575,0.41694,-7.1305
1.1103,-5.0727,1.3097,-34.826,-13.864,-4.2133,-25.328
4.2152,0.90342,0.60237,-54.366,85.96,-16.377,-87.828
-0.67715,-4.4272,-0.21527,7.9906,59.39,10.877,-9.7003
7.9561,4.1352,-3.9595,-54.069,37.8,-2.6769,-70.428
-6.9889,3.7949,1.9418,-43.842,5.9013,-12.534,-60.265
-9.7082,8.2321,-1.916,-40.702,17.007,-1.2657,-118.73
6.8534,-9.8116,3.9179,-16.422,75.667,37.037,-97.457
-8.2802,1.2603,-4.7186,-25.814,74.67,77.954,-77.871
5.1055,5.7898,3.1232,-18.597,36.454,31.737,-68.385
-4.8847,8.1227,-1.2767,-45.561,77.729,82.491,-119.09
-1.2929,9.4835,3.4094,-46.086,0.38398,23.563,-53.383
3.989,-0.38231,-3.9486,-37.459,72.436,25.131,-124.72
7.9386,5.5138,3.265,-43.077,49.669,67.397,-104.15
-8.9731,-9.8161,-3.1834,-82.256,55.038,-7.5681,-104.36
-9.825,-4.0102,-3.7568,-20.993,42.501,52.105,-8.872
1.0841,-2.4076,3.4897,16.608,-20.647,50.227,-56.816
4.6244,-2.4219,-1.7484,-88.05,41.895,10.161,-32.393
-0.75033,-7.4516,1.1044,-23.269,34.198,83.361,-63.438
-1.9872,-7.7444,-4.4617,-49.957,45.622,35.205,-9.7761
8.6955,0.22302,2.7071,-29.167,-1.8756,14.123,-51.303
8.2256,3.3414,2.6747,-74.257,32.335,-2.4765,-49.201
-0.97765,-3.6158,-1.508,-5.2031,52.412,-3.4025,-126.44
-8.6417,9.3274,3.3015,-60.179,79.404,50.014,-21.934
-1.6906,-5.7129,0.43636,-50.826,-21.969,-25.21,-33.894
6.1949,8.9447,-2.592,-79.955,-3.5745,87.517,-117.76
-2.1257,-3.3363,1.776,-15.605,14.533,24.383,-89.263
5.7609,8.9289,-4.1856,9.1856,66.25,58.943,-36.223
7.9916,6.9135,1.492,-14.715,25.402,69.596,-80.155
9.3084,-8.3123,-3.3761,-18.37,-1.0949,60.283,-37.311
3.8314,1.4132,4.3049,-56.285,-26.193,35.926,-67.878
3.8324,1.001,1.2915,17.31,-14.98,8.1889,-47.23
-4.9112,9.4605,4.7069,-77.201,86.834,68.032,-78.681
4.9511,8.8317,0.24538,-16.578,38.305,74.356,-38.556
-1.0521,0.66859,0.90371,-12.515,-27.752,-17.62,-83.012
9.7517,-6.4614,2.1592,-86.73,-11.148,49.103,-79.808
-5.8544,-3.0329,2.0424,-78.818,38.915,70.061,-7.3649
-4.2783,-5.36,4.1736,-48.451,44.931,28.895,-93.246
4.9055,-3.6056,2.304,-19.74,78.06,19.977,-37.807
9.4466,5.1428,-3.4382,-0.47944,87.382,18.138,-14.779
-8.8322,-2.6341,3.8451,-14.217,38.282,82.693,-39.563
-4.8427,1.3668,3.7366,-14.956,-0.069566,40.319,-50.133
-1.0408,4.9929,-4.0443,-58.302,24.327,75.323,-108.62
-3.1468,-8.8806,2.6907,-48.512,-17.803,44.168,-33.421
-8.0648,6.1839,0.14422,-0.65999,-26.872,48.507,-45.977
-4.9645,5.7123,-0.4583,-4.3911,65.772,3.3226,-111.95
7.5543,5.2551,2.5346,15.5,38.425,-17.526,-78.364
7.0555,0.57079,-3.5846,-5.9278,54.007,4.1032,-58.266
-6.5495,-2.215,3.0782,-56.729,-20.506,70.757,-84.77
-8.4185,6.6262,2.3828,-50.105,-10.466,72.97,-4.0031
-8.922,-9.688,2.5478,-21.376,34.002,68.85,-34.081
-9.2013,-1.6279,-1.3731,-15.397,34.649,79.529,-106.09
-2.8185,-8.8141,2.5782,19.639,53.967,7.627,-43.549
-2.2661,1.9938,-2.2228,-89.125,66.176,-28.884,-25.638
0.11981,-8.9397,4.4494,-56.483,28.699,37.791,-117.43
1.1074,0.67724,2.8729,-68.872,30.356,61.044,-6.8937
-7.7956,8.9733,-3.8161,-46.574,11.587,4.6851,-80.107
8.2534,-8.8834,4.2322,-83.803,61.295,33.806,-1.3413
8.1262,-9.2021,1.8609,-60.504,-8.86,55.269,-50.696
1.553,-0.39947,-3.7246,0.47583,-26.282,-1.556,-31.835
8.3752,-0.15413,0.0098979,-36.232,51.767,-2.51,-76.909
2.4147,3.8958,3.7941,-44.963,42.825,-0.63206,-65.025
-5.0435,-7.4906,-3.9926,-26.908,55.301,37.655,-12.44
4.0783,-1.9076,-3.4794,-73.509,48.673,-25.735,-51.461
-5.0223,7.7917,-2.8566,-21.635,13.999,82.183,-100.68
8.3467,7.7153,-0.81567,4.8491,-16.962,-28.382,-91.514
3.6801,-1.5731,4.5349,-36.406,64.606,27.536,-53.385
2.007,8.2612,3.0508,-53.68,40.359,50.161,-9.4829
8.2456,-9.4757,-0.97528,9.6328,-11.879,9.8408,-57.775
0.87627,1.1725,0.65257,8.6917,13.793,81.452,-54.722
1.9511,-7.3704,4.7662,10.739,-28.413,45.186,-124.37
4.2876,-8.4968,0.98005,-20.675,15.842,29.6,-52.287
-7.8023,-8.9686,0.30466,-73.684,13.542,71.641,-17.305
1.3623,6.9176,0.56567,-62.726,-5.6084,40.619,-68.613
3.64,-8.5478,4.5234,-59.557,53.707,-13.286,-121.75
-4.5578,-4.3995,3.3297,-67.668,16.28,82.822,-128.1
2.3286,-4.1286,3.1121,-68.72,53.18,55.574,-88.679
-9.4273,-9.6252,-0.79001,-3.3862,84.072,23.516,-13.622
-0.27045,3.2806,4.1201,-34.035,59.729,-6.8094,-95.646
2.2042,-0.91302,-1.8725,-35.431,37.309,77.187,-22.974
-5.8561,5.7729,3.6318,-85.064,18.36,-17.213,-125.94
9.7615,-5.1364,2.6164,-17.747,-25.221,-29.526,-18.116
1.2204,3.0291,-0.78697,-73.271,62.841,56.586,-28.38
-8.1677,-3.7699,-3.1977,-25.733,39.523,1.8159,-16.75
-9.1759,9.1842,-1.0439,-27.249,-29.779,-28.905,-28.698
3.1368,6.3608,-3.4981,7.8589,31.187,58.613,-62.629
4.2551,0.92727,-2.5226,-4.7847,25.143,1.148,-127.3
2.8287,6.6175,3.5333,-9.3376,17.494,-21.655,-22.172
-7.9066,9.0691,-4.7335,-13.801,1.5793,-5.3621,-118.08
1.6236,-9.4159,-4.3824,19.508,42.509,69.661,-47.137
8.5569,0.32424,2.6885,-3.3442,44.131,53.187,-45.357
-1.1726,-8.451,-4.1163,-78.591,25.567,69.924,-30.222
-5.6171,-3.167,1.216,-41.556,27.908,0.46357,-121.03
5.7069,-6.9873,0.8885,-60.92,-19.096,32.676,-89.82
-0.46914,6.9002,3.9624,-67.191,47.095,-1.2228,-81.877
8.7484,-9.8251,1.7066,-19.991,5.6327,3.3976,-23.27
-3.6963,-4.8488,-2.399,-37.758,23.524,68.913,-64.256
1.1536,-5.0034,-2.7794,-6.2256,-29.118,-13.057,-5.2533
-6.5763,-4.5343,-4.7365,8.612,-21.317,-19.08,-65.407
-9.9525,3.7137,-0.55768,-77.318,81.488,39.049,-34.877
-2.5573,6.8196,4.1073,-25.433,43.383,42.843,-118.26
-7.3189,3.6673,-4.1496,-83.482,52.97,32.91,-118.23
-1.815,8.4611,-2.5153,-84.762,86.78,75.676,-103.34
-9.9387,2.6798,1.5075,-71.635,80.751,-10.864,-76.11
1.181,-9.493,2.599,-46.627,23.861,-2.2268,-104.08
-6.7129,4.7695,-3.2444,-60.715,1.5348,-25.836,-49.48
0.65808,-1.9422,-3.557,3.5788,73.877,-23.782,-124.46
3.3262,-8.0208,-3.7197,-41.707,63.969,2.0457,-43.153
7.5911,2.5088,-0.87771,14.478,80.891,85.135,-40.59
-4.8107,-3.7447,-4.0888,-74.396,-11.961,7.6212,-112.14
5.3253,0.55585,3.5225,-17.952,21.377,64.339,-29.689
-6.8423,-3.2951,2.228,-48.022,-20.584,-24.497,-30.757
4.9627,4.0795,-1.5607,-0.98144,-1.0719,35.524,-53.079
-7.8932,-1.3367,4.262,12.247,-20.94,65.462,-85.956
4.6776,-6.154,0.24033,-39.828,85.877,39.861,-125.14
-0.65453,9.029,3.9098,-59.435,6.3104,-6.7995,-51.575
8.4071,-4.9038,-0.48128,-52.849,17.049,5.7335,-3.9979
8.239,2.0298,-3.6849,-88.066,58.735,-24.64,-29.879
1.0837,-5.3249,-2.191,-80.556,79.114,17.212,-116.13
-3.6189,-7.4005,2.7721,13.829,-29.276,80.64,-117.78
-5.0641,-1.3482,1.0851,-37.751,27.117,69.428,-47.746
5.7873,-0.66464,3.9504,-46.799,84.281,-4.7144,-21.124
2.7189,-5.4867,-2.4109,-82.169,-23.441,-28.996,-20.677
0.78463,6.5138,-1.4551,-32.252,33.792,72.522,-105.76
-7.1468,-1.2345,4.4507,-57.237,-18.166,-25.046,-74.577
-1.8897,-8.2208,-2.7476,3.74,42.392,-23.933,-95.656
9.6395,9.7741,3.0342,-35.202,4.4067,27.054,-59.367
-6.1241,-0.19112,-4.3907,-65.403,-26.75,25.845,-96.326
4.247,-7.3925,-4.3171,-47.945,10.046,37.053,-13.993
-9.8851,-5.9442,3.349,-14.701,56.296,31.633,-73.727
8.7331,0.48581,2.4305,-43.791,83.269,54.996,-70.274
5.5285,7.5384,-1.6433,-7.0315,-16.875,83.877,-28.972
-8.7815,9.345,0.23946,7.4894,28.679,80.68,-41.685
7.0305,-6.9703,-4.41,-51.839,11.646,-22.924,-31.917
-0.648,-8.8294,-3.9117,-81.496,14.575,47.268,-84.809
-0.64053,-9.2155,1.5628,-12.414,-16.413,40.452,-117.43
6.8199,-2.2125,3.794,-23.765,-24.677,18.879,-105.9
-7.1108,-9.8424,1.3059,4.1143,42.609,-2.4165,-124.12
-6.9626,-8.1391,-1.067,-82.615,62.222,-3.0552,-117.33
-0.048056,-4.45,-3.4901,-58.692,-21.677,37.301,-71.259
-5.4319,-1.2323,-3.5373,-25.602,89.02,-19.305,-78.013
2.9263,-7.374,2.2593,-41.903,34.796,-15.082,-40.54
-3.9704,-0.34217,3.0843,-33.576,68.959,-19.352,-28.913
7.5263,-2.6387,-4.6973,-52.875,34.983,22.377,-95.679
8.9988,2.6364,-2.9843,4.7325,56.89,-25.636,-53.183
-4.937,-7.036,-4.9677,-89.001,10.365,19.955,-111.33
5.432,-4.1317,4.932,16.485,79.979,22.348,-40.774
9.8811,5.2491,-1.4704,-11.148,63.832,69.261,-69.385
2.9943,1.701,1.8595,-1.0247,42.22,88.186,-26.614
-1.1989,3.1644,0.064269,-88.059,48.444,25.012,-35.206
0.65894,6.9996,-3.3082,-80.211,-4.5657,-4.9716,-51.544
-0.069528,-2.6616,1.2123,-41.675,54.131,-23.482,-24.524
1.0984,9.2301,-2.6065,-88.248,22.548,-25.878,-71.633
4.7848,1.1722,-2.4032,-74.569,-23.77,4.9607,-51.979
9.9667,1.9203,-0.1669,17.099,84.24,22.977,-43.431
9.3483,9.6666,-0.61363,1.3467,31.546,39.742,-59.048
-1.4101,-5.5189,-1.2728,-50.779,80.886,48.231,-7.7785
-0.96853,2.33,-3.0414,0.76431,38.966,42.777,-19.906
8.9246,-0.50168,0.30585,-69.53,86.308,36.743,-129.01
5.0966,-6.625,3.3851,-60.603,4.0319,-18.76,-74.411
4.0191,1.7362,0.84868,-29.875,24.012,23.627,-93.622
7.7107,-4.819,-3.086,2.79,-13.897,51.58,-125.76
4.8316,1.7763,4.0367,12.425,45.25,78.992,-90.393
-9.2132,-7.0838,1.9509,-24.954,29.926,58.41,-39.405
-1.105,-2.1954,2.1205,-40.942,16.077,44.78,-3.9377
-3.5451,9.3444,-1.187,-88.612,23.344,43.719,-11.549
-5.6906,1.9672,1.3089,8.7817,47.373,28.994,-14.746
3.8834,0.80989,1.0176,-67.417,77.7,37.248,-65.151
-6.3699,2.1612,-4.0945,-68.935,-23.386,72.655,-104.72
-4.9053,3.9925,3.7667,-20.39,19.522,25.388,-2.3955
5.3645,-6.1082,-4.4811,-28.258,40.722,81.599,-11.862
3.1176,-1.4532,3.4655,-49.024,1.5285,-15.558,-129.37
2.0069,0.49872,-0.53993,-76.757,72.455,20.495,-6.2061
0.51034,5.6695,2.4746,9.3188,-3.3593,17.429,-18.061
1.5629,0.62031,-1.6673,-64.287,22.845,-21.138,-58.541
-1.416,7.7851,2.2199,19.493,76.811,2.2481,-38.506
-4.2133,-9.8485,-2.7391,-62.868,84.36,-24.594,-106.89
-1.4271,6.513,1.5919,-72.111,69.941,74.745,-16.143
-4.4443,-0.60553,4.5059,-34.758,53.919,64.587,-17.825
7.4434,-8.1859,-1.7384,-68.035,25.249,-5.0943,-19.774
8.1401,-3.3582,-0.33128,10.176,-5.8054,53.254,-40.248
-8.7095,3.2279,-0.48412,-32.203,69.154,87.833,-64.817
-3.5543,3.2323,1.6183,-34.066,24.372,25.603,-64.017
5.5581,8.5954,-2.9838,18.863,64.47,33.505,-85.046
0.85284,7.2814,-3.5937,-80.894,-8.3245,-5.2472,-75.949
0.63252,0.85258,4.9067,19.627,1.6646,6.6357,-40.437
-2.6645,-9.214,-1.0017,-22.847,48.762,-5.4042,-101.75
-0.47573,9.3637,-2.4121,-38.795,49.101,20.691,-43.548
9.4725,-7.8128,1.3745,2.2872,67.502,26.887,-30.659
-3.1446,-6.7283,-0.48862,-60.197,30.956,78.409,-58.913
3.0697,6.959,-1.6962,-2.677,0.17651,12.944,-121.84
6.2525,2.6093,-4.0388,-2.7254,62.501,17.995,-20.055
-5.0604,-4.6042,-2.7378,-87.091,-19.011,-19.48,-121.99
3.47,1.5616,-0.067628,-60.347,48.048,15.951,-27.21
5.5652,-0.91345,-0.63881,8.8303,50.111,-23.62,-88.088
-3.1398,9.9485,-0.012032,-3.5065,14.217,63.45,-24.696
-0.017613,2.0728,-4.7952,-60.64,53.937,28.029,-69.29
7.7897,0.37711,-4.5385,-60.864,78.474,12.348,-42.195
9.9461,-6.8427,-1.6058,-69.716,84.927,80.255,-121.74
-5.5586,-1.1083,-1.2932,-47.603,-6.9734,0.94308,-123.97
-9.0965,1.4997,-1.4063,-22.066,54.126,76.453,-21.299
-2.7173,5.0339,-4.7839,5.8105,58.311,52.47,-77.671
8.1031,-9.1374,-1.9155,-8.8094,21.683,59.246,-18.522
1.4963,-8.7352,4.1953,-16.654,-4.4764,50.53,-102.63
4.703,1.5064,-3.7808,-53.402,35.198,15.377,-89.924
1.0921,-8.1406,4.4805,-17.126,70.857,86.807,-23.831
0.13701,3.5286,-2.5304,-12.023,-14.591,-21.211,-69.971
-3.2514,6.3272,1.0921,-68.155,81.717,-10.26,-43.616
3.0532,-4.3291,3.5866,-77.824,53.379,19.54,-38.696
4.9296,7.637,1.0058,-33.518,46.757,-0.82392,-11.794
6.9709,3.7003,4.2394,-19.971,35.234,74.068,-47.322
9.3818,-0.31346,-2.5867,-36.687,74.161,67.563,-42.762
-7.2222,2.4975,-3.7892,2.6471,36.305,61.108,-93.364
-9.1198,-4.6,0.42237,-61.474,25.532,28.971,-84.745
5.3264,9.1943,2.0677,-6.2976,64.242,-15.842,-111.56
7.488,9.1485,-1.5298,-52.393,76.155,30.415,-106.6
-7.7554,7.2235,-2.9762,-41.71,88.761,49.491,-25.872
3.6837,0.2964,2.5852,-11.209,47.616,-19.366,-75.76
-8.9749,-8.6976,4.7581,6.6492,70.884,78.559,-49.697
-0.95403,-4.1184,1.1325,-41.118,75.712,15.178,-92.915
-3.4438,7.3718,2.3433,-25.178,52.128,73.232,-6.4676
3.8504,8.5109,-2.1833,-27.46,17.234,24.736,-115.49
7.1403,-8.8617,-4.2635,5.5614,73.915,47.141,-83.014
9.2002,6.3031,-0.24123,17.302,-3.3922,-5.3696,-17.977
2.5587,0.44325,3.6698,-30.253,88.298,61.565,-94.088
3.3854,-8.6087,-4.0783,12.483,43.758,54.431,-125.19
5.7414,0.88578,-2.6172,-83.164,52.882,80.949,-20.18
5.594,1.0279,1.7812,-9.0713,10.419,-14.208,-11.647
8.3104,6.1196,-3.8322,15.944,-27.981,-19.061,-116.68
2.669,-6.5774,2.1657,-14.63,-8.3871,-18.196,-24.596
-4.0409,5.8102,-2.7178,0.75627,86.708,-1.7668,-123.98
3.3147,0.42164,2.9752,-46.142,85.229,23.919,-89.062
-4.0515,-0.063791,3.6285,-44.96,27.861,65.889,-6.89
0.67294,7.9224,-1.2001,-49.951,-16.307,83.774,-119.99
7.5809,-1.7022,2.1554,-41.864,47.689,12.999,-17.773
6.8059,0.25981,-3.5132,-84.883,75.139,45.457,-85.157
-2.9644,-4.8119,-4.536,6.7547,10.804,-5.2589,-11.209
-7.08,6.805,-1.7842,-33.943,7.772,-28.536,-93.935
0.29584,-6.951,3.8859,-46.112,4.3188,14.956,-41.027
6.0381,0.33542,-4.3806,6.8021,1.3746,-0.67164,-0.68085
-7.0181,-8.7258,0.66814,-51.633,59.629,78.601,-11.145
-8.1789,6.1567,2.9404,-25.263,61.826,33.744,-88.77
4.4606,5.396,3.2075,8.4141,-23.352,-26.675,-10.886
6.6613,-9.2369,-0.46391,-49.254,21.116,-18.714,-64.022
3.7557,0.58412,-4.4894,-39.177,85.212,50.631,-110.62
3.7153,-8.4461,-2.9377,-3.787,13.232,55.519,-101.15
9.6482,-0.95121,3.2576,-43.662,26.637,-6.5635,-35.722
-6.2939,-6.8571,-4.2022,-59.75,-20.52,55.885,-22.018
-1.9254,4.1708,2.9541,-61.678,45.317,41.974,-113.12
-1.8027,6.2084,-3.8465,-53.864,48.265,63.556,-87.165
-1.05,2.4596,-2.1564,-41.452,16.398,78.151,-115.59
-7.4207,-1.9574,1.8118,-34.349,34.56,60.88,-109.19
-7.1935,-4.8053,1.933,19.217,-25.663,-19.53,-3.3024
-7.8865,7.8114,-2.1879,16.531,55.582,62.511,-63.792
2.6439,5.8517,1.4969,-69.036,24.556,6.2818,-3.7885
1.4647,8.2744,-2.9495,-74.366,52.689,-27.823,-89.912
4.1188,-1.1226,4.955,-46.815,71.053,23.465,-5.1284
-5.8918,6.5844,3.1535,-45.466,-4.9666,-15.266,-60.683
-9.7188,0.56964,-0.25202,14.617,46.427,78.988,-48.329
9.845,-4.7556,3.2385,-63.453,67.854,44.123,-39.653
2.8685,6.2756,1.5842,-20.884,40.19,-24.623,-72.301
9.6236,-7.2665,0.50844,-70.26,-23.431,63.154,-94.276
-1.8365,7.1164,2.2724,-52.023,44.313,6.286,-82.754
1.9317,-1.2545,-3.1664,-50.776,81.104,-12.979,-127.61
-8.8014,-4.9938,0.058936,-80.72,68.54,25.782,-83.138
-7.8918,-6.6518,-2.7995,17.329,58.061,2.2287,-50.506
-4.1299,6.3495,4.396,-81.641,1.0067,-24.643,-58.971
-9.5273,-8.0114,0.76608,-45.143,-2.2963,15.41,-82.357
3.6574,6.3042,-2.0357,-72.585,69.273,26.574,-99.18
6.6503,6.0793,1.7587,-30.155,27.562,7.383,-63.211
-7.8221,9.2746,-4.3079,19.779,82.516,35.409,-111.07
-3.7714,-9.9126,2.5275,15.051,86.32,68.614,-10.595
3.4607,-9.1456,-4.6197,-80.537,-3.9048,52.59,-112.41
-9.9498,3.8349,-0.85512,-9.1266,11.677,19.789,-78.706
9.4458,9.9043,-3.7174,19.08,65.082,42.143,-63.038
9.8442,-3.4655,-4.2115,-9.6896,4.682,26.037,-124.77
-9.1263,-0.55984,-3.6771,-20.443,76.583,62.201,-14.349
3.7536,8.7426,-2.0699,-89.421,55.507,5.8896,-53.531
4.5762,-4.1863,1.5441,-28.572,27.598,2.9606,-96.356
-9.9973,-2.7199,-1.98,-41.503,23.687,12.023,-32.475
-5.2839,-1.5292,4.2519,-85.429,25.392,21.437,-126.87
5.1113,-3.0005,2.2034,-69.444,84.519,56.063,-53.365
-6.1191,-0.88606,-3.0059,-2.6992,38.021,-28.32,-92.617
-2.3806,-3.1054,0.76007,-65.455,54.586,2.3377,-124.67
-8.4162,-4.6208,-2.0372,-56.489,-16.358,84.086,-100.48
0.27768,-5.9127,-0.16832,-79.155,-13.262,34.455,-0.079017
3.9904,6.8189,-1.0405,-85.72,30.853,27.275,-79.898
0.55058,9.5231,4.4913,-53.079,59.708,43.225,-96.653
2.2653,-8.0001,-2.4697,-7.491,-12.207,4.2924,-5.408
1.87,3.6641,-1.7479,5.7342,-28.903,68.424,-76.525
-8.7332,-3.7606,-4.4029,-67.106,45.842,59.738,-64.356
-6.3562,-2.9986,-3.642,-84.158,31.223,65.474,-31.177
2.5563,-6.051,2.9841,-55.615,42.019,-25.534,-75.736
2.7604,-3.7072,-3.045,-58.37,9.7729,56.347,-8.9084
4.1716,4.4839,-2.414,-30.992,87.523,13.198,-106.54
9.1228,9.6368,-1.3725,-58.442,60.695,28.24,-111.7
2.0193,3.6268,4.9141,-1.5693,5.1336,14.067,-40.671
0.54948,-9.8049,-3.5416,-26.758,-25.335,36.598,-112.33
-1.1939,5.4206,-0.7131,-62.402,-7.8552,26.396,-25.173
-6.079,4.7652,1.6968,-32.626,60.918,-0.5514,-118.83
0.20826,-3.4625,-0.45034,6.7996,8.4679,-8.2427,-88.837
-9.8491,-5.3379,-2.8987,-60.987,-16.728,-1.3612,-52.071
-7.1227,-4.0297,-4.3586,-3.3042,8.7338,26.872,-88.632
-6.9094,0.34301,0.24558,-44.347,-14.978,35.184,-13.922
-8.2293,3.7398,1.4488,-30.042,1.8337,-29.699,-75.693
2.8727,-0.081298,-4.1086,-31.971,2.7624,83.9,-10.391
-3.2238,2.6008,-3.1929,-11.551,27.116,66.28,-13.197
-3.0261,4.1819,-3.2317,10.602,14.674,78.418,-33.905
-6.1826,-8.5836,1.5845,-5.1006,47.254,45.501,-60.674
-9.2864,-7.4512,0.50006,-10.525,-16.587,77.659,-126.77
6.5379,5.3594,4.3187,15.622,-4.6352,52.773,-119.75
2.3518,6.9197,4.0621,-54.163,39.917,-19.937,-97.217
-4.0817,-7.6611,-2.5026,-6.415,31.293,53.649,-36.585
3.5845,0.70941,4.6287,-47.439,71.522,-18.498,-39.397
0.74839,2.7906,4.6887,-72.869,81.818,82.753,-129.51
3.8816,-7.5399,2.3074,-0.21224,51.266,0.24437,-111.85
-1.5613,9.4223,3.7872,-43.174,81.701,-23.164,-92.96
4.0984,-2.8199,-3.8304,-76.962,51.773,-17.242,-87.535
-0.71021,-3.2775,-3.6367,-33.906,-23.121,69.247,-68.238
-6.1998,0.68482,-2.8684,-87.406,1.357,73.026,-35.274
4.588,-1.0978,3.0387,-14.797,29.22,-0.10783,-125.42
-2.7712,0.40364,-3.9087,-68.35,22.595,5.8205,-71.312
-0.73692,1.3194,-1.4131,-21.257,19.035,47.928,-81.164
9.4946,0.38265,0.73819,-5.4373,-25.123,-23.665,-53.703
-5.0015,2.6984,-4.0353,-8.7091,-0.54269,49.515,-40.071
-0.18975,-4.0999,-2.8625,-46.866,64.049,32.899,-79.163
5.8286,-5.7987,3.1666,-49.562,34.307,-8.1353,-101.29
2.2521,-0.78896,-2.0295,-64.95,67.76,-17.429,-13.21
7.9294,1.5782,1.3207,-63.588,25.4,9.0459,-106.06
-5.5767,6.1999,-4.3699,-77.411,-12.87,49.736,-14.749
-6.0545,3.7532,4.1375,-53.469,75.919,74.918,-12.408
-0.34913,-9.7317,-3.8328,17.305,43.179,-21.427,-101.15
3.654,-4.769,2.1483,13.809,-4.4847,62.77,-68.955
5.3816,-5.0748,-0.55266,-54.496,-29.512,-22.941,-7.3706
-5.4644,3.2762,2.3673,-68.463,-14.849,88.946,-23.104
-3.6899,-0.10925,-1.2608,-26.861,15.775,17.378,-4.8121
-8.018,-2.9084,4.4239,-3.2183,10.45,-29.376,-26.66
-2.3515,9.043,3.2696,-32.119,46.84,-17.245,-89.583
-5.3167,4.695,2.2244,-14.224,10.705,29.707,-31.64
-4.7842,-9.1981,-4.1975,1.7354,15.455,28.347,-114.91
6.8561,2.6766,0.5045,-35.792,20.222,89.65,-102.08
1.5041,-7.2467,2.5537,-88.711,-27.377,11.476,-112.1
3.5663,8.3121,3.04,-22.325,37.043,14.867,-96.258
4.7053,7.0121,-2.0732,-17.329,85.097,40.675,-0.91346
9.394,6.9306,-1.8368,-49.13,-6.9574,41.45,-61.18
-9.5676,3.7249,1.1251,-34.343,39.684,52.885,-3.4471
-1.6357,-7.689,1.9367,-19.625,63.402,78.801,-85.892
-2.6471,-2.7287,-1.1822,-7.1286,16.306,-12.208,-11.84
0.80986,2.6629,2.8429,-75.907,41.527,50.232,-78.477
-1.2809,-4.3492,2.9635,-75.569,0.10139,-0.011558,-105.05
2.5067,6.2984,-1.0758,-13.017,49.761,42.545,-58.604
-5.7744,8.2482,2.1104,-51.709,0.69479,64.77,-42.746
-4.5946,-0.70621,4.9646,18.511,51.005,80.218,-126.21
9.5088,-5.6058,-3.7909,-72.756,14.325,54.321,-115.38
6.4072,2.2419,-1.9873,-12.92,51.027,-0.10068,-35.986
-5.6882,-3.9343,1.9678,-45.716,40.391,64.267,-128.68
