2.802,-6.9941,0.50822,-23.96,31.701,-29.374,-73.952
2.301,4.7794,-0.82273,-77.825,-16.993,51.921,-103.4
8.0901,-6.2975,0.4989,-43.561,60.511,-21.018,-115.67
-3.112,4.4714,-1.0441,-51.729,-5.4318,58.889,-11.204
-7.4254,3.6013,-4.3942,-70.55,78.234,-12.216,-33.65
6.7176,-9.6332,3.4956,-27.311,59.376,35.868,-13.04
5.1207,9.9764,-3.9738,-59.894,-9.8164,70.146,-83.442
-2.4127,7.879,-1.6294,-64.805,-8.1145,27.575,-67.538
-5.3361,8.9196,4.1319,-39.825,16.951,-7.9808,-83.79
8.9263,5.4101,0.80757,-58.633,47.267,70.08,-25.641
-9.1074,-8.8862,-3.4069,14.84,-16.019,78.644,-46.026
-7.3165,-8.7097,-3.0248,1.7617,-12.203,47.917,-68.681
-6.9854,8.3806,0.90179,-0.061771,15.941,-29.106,-4.6453
-3.5499,9.0986,0.024136,-6.0961,11.17,67.434,-108.58
8.5398,1.1239,-4.8316,-38.062,78.274,4.6895,-123.29
-4.2711,6.1406,-4.6062,-0.00081213,45.036,31.176,-28.142
-6.501,2.2653,-4.7922,-23.271,22.1,-26.791,-93.877
2.1074,8.1503,0.94331,-32.683,10.32,3.2743,-9.0881
-9.7294,6.4001,-2.0482,-71.57,62.309,-27.971,-75.781
2.327,-9.3746,3.5049,16.871,23.247,7.4374,-15.444
5.788,9.0371,4.831,-59.759,71.667,-10.474,-115.6
-8.8939,-1.5996,-2.3643,-52.569,-3.6868,60.746,-92.017
6.0973,-7.5702,-3.1752,-58.386,-28.648,-22.139,-52.18
8.968,-1.2607,1.4389,-88.886,36.791,-29.099,-49.791
-0.98764,2.047,-2.1779,-38.919,24.881,-5.2252,-56.235
6.8743,-7.8563,-3.0411,-11.185,52.996,73.023,-36.196
7.1581,3.3409,2.1016,-37.931,-3.5799,14.812,-13.009
6.2128,-2.7613,1.7215,-67.719,30.106,-28.41,-35.01
-2.3267,9.7431,1.4692,-10.309,39.571,-6.3777,-62.581
8.0534,3.1965,3.8064,-58.519,85.08,36.145,-95.711
9.0426,-0.49277,-2.9025,-52.021,39.27,2.4617,-75.814
-4.4475,-7.3078,-0.62605,-59.776,41.95,56.873,-8.9055
-8.5193,-0.78649,-3.1832,-27.017,55.027,84.035,-12.813
-9.2723,-9.788,0.77136,-84.798,21.798,-7.6012,-113.66
-8.8031,3.9723,4.6589,-29.112,32.1,79.054,-57.959
-1.5452,-9.1624,2.5167,0.45948,-22.536,-17.023,-19.505
2.7582,2.6288,-1.1136,-57.717,34.784,67.632,-19.262
-5.0632,-5.953,2.1434,-77.109,-9.3498,-27.694,-50.729
-6.0706,-2.6238,3.3441,18.841,70.564,69.751,-10.358
-2.2388,9.5426,-3.7606,-1.549,22.185,-13.407,-121.8
6.9202,8.1068,1.2164,-7.1212,63.016,15.861,-52.367
-9.6698,-7.0969,-4.6532,-17.021,57.76,9.3685,-30.47
9.513,-9.2731,4.1432,-18.577,55.258,47.592,-50.244
3.5684,-3.706,-1.46,-10.765,61.125,74.201,-113.5
4.9847,-4.3487,-1.1856,-68.779,72.46,35.366,-93.164
-6.9992,9.8982,-1.0141,-31.504,32.559,34.274,-13.688
-3.5138,3.6051,0.5976,-72.637,62.354,12.095,-17.809
-3.0503,0.064938,3.1144,17.781,10.126,26.112,-33.161
-8.566,-9.2938,-3.7656,-69.048,29.022,52.667,-117.28
-8.3028,-2.6006,4.747,16.25,11.026,-12.205,-68.506
2.9595,-0.59169,2.5475,-58.857,59.435,15.558,-51.943
-0.041049,7.0568,-1.9767,-47.631,38.589,73.389,-45.258
0.93359,0.66085,-3.7978,-30.103,-4.3713,-25.541,-78.967
-5.3569,-0.44456,-3.2373,-89.42,26.584,1.4118,-81.649
-7.8495,-7.12,3.2242,-60.34,-0.99519,51.234,-67.107
7.056,-1.607,0.50604,-6.198,-19.652,52.608,-119.45
-2.199,5.943,-2.1325,-13.251,59.521,31.354,-125.82
-4.1239,0.68606,4.2226,-40.635,54.499,42.947,-26.361
4.1158,-0.40339,-0.28785,-57.959,16.277,79.189,-81.933
3.2859,0.13545,-1.1462,-36.623,2.3862,-12.948,-101.43
0.85502,6.5409,-3.9046,-81.57,33.006,27.175,-67.41
7.3017,9.994,3.711,-68.621,4.7463,-25.803,-123.33
-0.052951,-0.73585,-3.7293,-42.027,-29.026,-13.453,-32.179
8.3354,-7.8299,-2.4595,6.5544,46.689,41.402,-93.425
3.0176,-7.9409,-2.7423,17.063,-29.489,-10.397,-112.92
9.742,8.3019,-0.22311,-24.07,48.217,2.1802,-120.93
-5.0238,-8.7155,-0.94473,17.226,39.234,-13.024,-1.4532
6.933,-7.0974,-3.4263,-33.381,41.27,86.806,-79.989
-0.41679,-4.3502,2.8325,8.6509,83.719,81.519,-106.58
7.9952,0.97741,3.3036,10.355,-16.698,49.107,-54.907
-0.30823,-9.571,0.86132,-80.755,47.383,41.428,-53.942
5.7037,9.7705,-2.0343,-77.373,-6.8827,4.9611,-32.53
-1.2883,-5.0263,-2.6576,-7.4339,-16.82,81.758,-83.51
8.4931,3.5857,0.59133,-10.188,56.777,62.5,-48.146
-1.2005,9.5122,1.0624,-0.46697,17.194,-12.461,-1.0658
8.009,9.852,-1.9344,12.11,32.058,29.733,-52.099
3.1636,-2.3449,-1.2442,1.8042,5.0873,29.19,-7.4702
-3.6188,5.3735,0.41401,-6.5108,7.9915,23.449,-51.39
-9.6299,-7.5871,3.155,-25.653,0.24419,55.704,-30.397
-2.2969,2.3875,2.1474,8.0569,59.071,59.51,-108.43
6.8354,-0.022458,0.81262,-30.299,-4.87,42.085,-26.748
0.77961,-2.476,-4.4639,-74.459,79.454,80.422,-10.448
-1.6799,-7.3964,-0.5634,-2.1732,67.403,-19.803,-81.607
-1.3417,3.9922,-3.9613,5.5246,62.119,58.136,-11.062
-7.3304,-6.9246,0.64939,-10.801,17.462,24.457,-11.354
-0.15516,1.1189,-2.822,-62.152,28.906,36.18,-63.306
-1.7411,-0.06744,3.7102,-24.635,69.154,77.303,-37.255
7.1188,-0.15677,-2.6064,-87.371,83.684,61.421,-24.102
2.7757,-4.4654,1.6788,-27.435,70.329,22.37,-126.15
-8.9541,-4.8214,-1.1779,-27.313,46.731,37.207,-0.31811
3.6938,3.587,-2.7571,-25.075,-18.032,20.667,-63.167
8.9225,-5.4627,-1.633,-1.6065,66.622,82.837,-84.114
7.1241,-2.5452,-1.5957,-89.508,23.02,75.646,-109.01
-0.9981,1.7827,-3.2619,-65.778,26.527,-10.634,-101.14
5.1875,-2.7079,-3.4799,-78.498,85.086,76.999,-106.91
6.4048,-8.5311,-0.2963,-6.309,-3.5924,35.573,-73.838
-1.6864,7.1801,3.7328,-33.02,49.939,-17.024,-91.723
7.9518,1.6704,1.8854,-34.479,-6.009,-4.2952,-6.8245
-5.4033,-0.088618,-2.922,12.499,3.2926,29.487,-41.499
-6.9691,1.9499,-1.3336,-77.362,12.312,42.991,-101.73
9.5821,-0.22188,-4.8344,-38.562,-17.007,81.184,-99.117
8.3342,8.7585,-0.75768,-31.574,-19.513,45.316,-82.26
-4.1388,1.9981,-0.48364,-1.1824,-19.678,36.409,-89.429
-9.216,-5.3867,-3.8037,-42.385,30.791,87.167,-47.45
-2.0126,0.13003,1.1913,0.59502,31.655,42.747,-78.468
-8.0611,0.67623,-4.2988,-34.454,20.622,75.199,-0.67743
-7.9285,-2.5752,3.9327,-88.936,67.237,47.345,-100.94
-6.1265,4.2792,-3.2205,-35.409,1.1941,20.276,-17.322
-7.3399,-6.8716,-3.7765,-28.68,78.364,21.858,-29.366
5.401,-5.6922,-0.21594,5.9335,2.183,12.088,-115.12
-1.1455,1.5987,-3.1983,-18.776,17.886,19.659,-68.261
3.4772,-8.0178,-3.7399,-76.483,82.962,34.881,-86.732
-0.98942,5.9836,0.50522,-42.995,34.317,47.057,-71.395
2.001,2.5485,-3.3856,-26.002,11.019,65.964,-104.72
1.8087,2.1105,1.5233,-85.228,15.13,58.136,-98.151
9.6413,7.1567,-0.6268,1.212,2.4292,71.036,-52.474
6.2779,4.9984,0.1377,-71.766,70.179,-13.868,-51.18
4.8071,-1.7492,-1.7795,-77.245,58.408,-21.295,-66.816
5.9099,-7.2836,2.051,-65.829,77.753,39.02,-37.055
-4.2074,4.2189,-0.44742,-38.031,58.652,59.958,-62.07
6.5139,-9.395,1.6056,9.7351,-10.718,30.628,-115.07
-3.8715,2.0413,0.35487,-44.478,50.467,33.024,-100.26
3.7496,-5.9862,-1.9726,-18.747,9.4499,27.424,-64.6
-0.23566,3.0013,-4.7964,-4.0918,33.378,47.273,-112.9
1.4393,7.2373,-4.1518,-6.0484,74.298,2.7113,-129.02
3.3542,4.9528,4.2064,-27.348,68.025,-6.1434,-86.904
-7.9128,-8.196,-3.3965,-45.384,29.373,-14.646,-118.44
5.9312,-7.266,-1.9659,-54.972,16.003,88.075,-54.681
9.4617,-8.8984,1.5365,-31.111,26.69,71.786,-106.03
-3.3064,-5.8553,3.3437,-41.34,-20.646,40.258,-49.617
2.8145,2.0636,4.3376,-67.691,17.738,67.947,-94.204
0.50361,-7.7608,3.1919,-6.6356,29.471,35.659,-10.445
-6.6675,-3.2105,3.6097,-43.411,-28.081,-11.132,-22.109
-6.0691,-9.1442,-0.94157,-72.502,-10.703,43.717,-8.7533
1.6966,0.57028,-2.9541,-3.206,-14.02,69.162,-101.29
-6.8424,-2.504,3.0771,-69.68,-23.825,61.611,-107.22
0.98179,5.7595,-1.6091,-9.1127,33.695,83.495,-86.521
-3.8652,-2.2426,-2.1142,-41.785,19.333,71.026,-119.17
7.3679,-8.0366,-0.91881,-2.6552,78.508,57.492,-30.252
-8.8178,2.828,0.14446,-86.879,40.155,3.4304,-31.881
-6.975,-5.6015,-3.3053,7.122,-7.2102,80.939,-124.13
-3.5695,1.1204,-4.7378,-0.88893,72.876,0.059372,-124.45
-1.6359,-4.0876,0.596,-15.876,18.246,34.227,-1.2738
-1.814,-3.7155,4.3184,-77.962,-9.4637,63.493,-76.1
6.7021,-1.3214,2.8445,4.1568,56.055,7.2932,-34.744
0.43751,3.3208,4.0535,-8.7956,-18.971,88.902,-129.71
9.503,3.1631,-2.5961,-60.805,-21.902,14.378,-20.394
-2.0376,-2.6892,-1.68,-2.8721,7.8086,38.414,-85.255
-8.2172,-9.5548,2.0206,7.8041,29.051,36.734,-9.8448
9.9048,6.7988,-4.0937,-38.778,-11.365,38.677,-87.628
2.9591,-9.8338,2.1239,-17.438,47.946,59.229,-89.854
-7.5439,-5.0357,-1.4805,9.1171,43.07,-20.412,-38.09
2.9107,9.79,1.0708,8.0658,26.162,-19.778,-57.136
-9.6962,1.9031,1.0407,-46.089,-28.471,-18.587,-34.388
-8.8089,-3.7222,3.4452,10.499,26.16,80.42,-76.161
5.3361,-4.5006,-0.61842,-19.956,42.221,54.685,-88.812
-2.9929,8.5909,-0.099623,-14.119,-16.964,-1.7294,-61.734
-4.0284,-8.9516,0.39541,-83.222,-16.179,88.514,-49.067
5.9911,-8.8574,-4.5157,-58.13,-18.626,-12.267,-45.337
-8.2267,3.4157,0.14068,-27.69,3.03,11.305,-127.44
6.4303,-5.6074,-2.0585,15.631,23.722,34.258,-106.78
-9.7617,-3.0381,0.86811,7.1297,56.288,78.773,-3.4668
3.7695,-8.643,-1.0919,10.727,-7.1212,28.348,-88.944
0.57383,5.2054,3.1267,-47.7,30.735,51.514,-71.391
-2.3695,5.8871,1.0978,-8.2005,53.551,44.813,-37.626
2.1239,-4.263,-3.5788,-59.942,-28.49,80.264,-3.9291
7.2501,-2.9048,-2.0474,8.4017,14.633,32.273,-94.873
-8.6939,3.6733,3.8547,-27.189,-14.431,67.039,-19.622
-7.6374,-5.1993,-3.1323,-62.644,53.893,78.595,-61.237
2.8201,-7.4349,3.2233,-31.324,80.584,69.917,-69.875
3.3371,3.4172,-3.096,-50.811,-4.1241,45.176,-116.52
-0.68788,9.117,1.2413,9.3189,-23.23,41.213,-101.58
0.98234,1.2509,2.7062,-55.131,77.309,74.482,-7.439
8.1305,3.0221,-0.066701,-11.719,14.561,16.242,-33.041
2.3941,3.1006,-4.0767,-34.243,-18.109,-29.074,-44.624
3.8698,-4.8627,3.3507,-40.477,4.5241,19.713,-123.11
5.6788,7.0608,1.691,3.0263,-11.501,-25.663,-71.591
-5.7478,-1.8144,-3.7197,-18.114,57.844,73.663,-110.32
-3.1806,2.0422,1.5147,11.365,9.7218,-25.479,-24.964
4.6293,-4.3656,-1.6831,-88.873,6.8174,29.217,-83.561
-9.3551,-6.8071,1.4082,-79.375,-21.305,17.822,-13.05
6.6242,-8.1004,-2.743,3.7151,24.953,82.287,-46.95
6.9296,-8.4805,4.1885,-27.726,40.39,-25.648,-52.117
-5.829,-0.29738,3.7207,-36.595,-17.063,-10.514,-109.26
9.7077,0.75514,-2.1899,-41.43,37.446,87.955,-124.32
-0.42937,3.6278,4.9496,10.113,39.892,52.675,-43.852
-0.89335,5.5876,1.8376,12.967,57.471,21.649,-107.73
9.2804,2.0791,-4.0731,-65.562,34.165,64.679,-116.43
2.598,-2.7611,2.2565,-59.221,49.45,-27.344,-92.926
-4.2738,1.7795,2.4371,-4.7647,-26.254,58.394,-126.7
-8.2113,1.4257,-1.7004,-84.957,10.549,43.379,-23.253
-6.3787,3.6604,-3.5567,8.3873,78.947,67.866,-35.034
7.8419,-7.1707,-0.45453,10.714,1.1977,45.888,-7.5627
3.3057,-8.9088,0.49187,-27.987,1.6103,-23.316,-82.154
7.9056,-9.9907,-1.3856,-30.017,47.424,-2.6408,-12.259
-6.9287,9.5459,4.5364,-69.836,7.1336,18.981,-113.33
-8.717,-0.94583,-0.83857,3.5155,0.19247,67.402,-30.92
8.843,-7.6938,-4.2929,-1.1394,37.103,88.127,-76.498
6.7584,-4.7399,-3.0286,-44.237,75.817,-15.651,-88.267
-4.9315,-9.439,1.1211,-70.373,31.525,77.727,-5.232
4.8561,6.3085,-2.2527,-55.202,77.084,59.053,-32.988
3.9455,6.8491,-2.8491,-56.604,6.5368,4.0915,-52.528
-3.5326,9.7872,4.1516,1.5205,26.337,81.913,-109.63
4.7829,7.1481,-0.098848,-9.9065,9.0966,9.2543,-11.472
3.3393,0.85413,4.7579,-61.59,-14.487,9.5261,-125.54
-5.4853,-4.6194,1.7261,-55.428,14.085,84.656,-41.93
-4.7413,-1.1082,-1.406,12.987,-15.382,81.086,-110.61
-5.6476,1.9196,4.7618,-82.31,83.335,-3.9152,-98.427
-6.8252,3.6149,0.34504,-45.805,-26.078,25.538,-87.815
-9.0365,3.4075,0.38203,-79.468,8.6322,24.694,-75.171
0.5486,6.1042,3.7274,-33.943,30.486,-10.16,-99.109
3.4417,-2.1312,-1.1295,-76.5,53.075,27.328,-76.202
-7.3979,-1.1878,2.6885,-70.805,64.718,3.9608,-44.185
-3.7727,1.0422,0.9557,-43.661,25.314,72.084,-116.35
-2.6279,-4.9041,-0.6414,-56.2,-13.24,-23.03,-72.542
-8.8705,0.52909,4.7147,0.18723,42.088,48.771,-41.209
5.1157,7.3321,2.044,16.01,43.703,60.313,-35.706
-0.12984,9.5281,-1.6748,-87.727,36.356,35.784,-55.373
7.0797,0.4133,1.6107,-64.641,65.824,-22.264,-128.33
0.20279,7.7427,-2.3188,-51.735,-0.94626,-26.211,-88.209
9.4959,-3.9382,2.1202,-7.2811,46.849,42.658,-7.2151
-3.198,-2.0686,-1.1612,15.972,37.013,-2.5806,-90.351
0.77766,-8.3485,4.7406,-80.005,31.762,-5.5003,-56.085
9.471,-4.1944,2.7674,-41.121,48.582,62.275,-15.636
1.2561,-5.3481,-3.2412,-66.769,71.585,33.999,-48.127
6.2959,-8.7212,-4.3798,-22.969,26.95,-11.423,-58.644
6.3,-6.2921,-2.0572,-4.9323,18.86,31.104,-28.841
9.4488,1.5259,1.3519,0.58668,68.647,-8.2244,-25.01
5.7505,-0.2785,-0.88537,-30.184,48.36,65.896,-5.0183
5.3843,8.3757,-2.2066,-61.842,-15.154,79.585,-105.85
4.9255,-4.3493,-3.6163,4.9302,70.013,70.593,-125.05
-8.6903,-9.1613,-4.5877,-10.392,55.648,39.151,-80.975
3.071,-0.68514,3.02,-87.489,75.557,66.913,-129.88
-0.51797,2.4651,1.0328,-1.6351,2.3808,58.852,-50.725
-7.538,2.0627,3.231,-64.476,44.554,-6.5827,-91.679
6.2654,1.0676,2.2821,-73.302,-3.0489,-15.427,-45.312
3.2075,-6.9176,1.3776,-58.46,85.489,-0.68365,-43.897
7.3503,9.3862,-2.637,-26.795,24.387,67.577,-1.8342
5.6731,6.9484,-1.9046,-9.1959,72.009,65.072,-86.692
9.8478,7.7911,1.7924,16.84,-11.712,56.719,-39.329
2.0332,8.259,0.67589,-89.331,1.7285,73.286,-98.438
4.7589,2.0705,3.0397,-13.414,11.027,54.246,-95.383
0.80593,2.941,-3.3004,-65.985,-29.033,57.491,-122.45
-4.2646,5.0369,4.9877,-61.079,-14.724,39.757,-98.989
6.7751,3.8889,-2.5412,-65.965,-1.4942,40.364,-104.08
-7.8759,-6.926,-2.2581,-74.039,30.747,-10.74,-103.11
-1.6675,-2.3356,2.6577,-44.929,70.168,16.956,-93.638
-7.5145,-2.336,-3.4141,-71.861,53.986,-1.899,-34.089
3.951,1.2237,1.7157,-13.286,64.336,-9.2971,-79.933
-3.8215,-6.7161,-0.056647,-20.875,18.377,60.394,-87.591
-3.1779,-2.9904,3.5503,-47.972,-8.2976,69.765,-129.41
-6.9409,5.9279,4.6453,-8.6521,16.346,-27.749,-124.83
-6.444,8.9512,-1.6558,11.865,35.595,31.721,-80.181
-9.1582,-6.3349,1.5536,-83.018,-14.842,-11.892,-59.289
1.5716,9.8961,-0.31582,-14.208,-19.854,66.759,-53.778
0.081996,-0.76211,-4.6122,-45.884,76.524,43.173,-3.8568
-5.172,-3.0871,4.9309,-31.652,-5.6213,82.04,-41.737
-5.3793,-1.9272,1.785,-46.883,19.128,-22.007,-41.013
-2.1854,5.0048,3.851,-22.809,-3.567,17.658,-46.666
-1.1551,-0.50557,-4.3087,-73.056,33.605,-19.16,-129.46
8.4351,6.0428,-3.8141,15.755,2.9955,9.5336,-18.13
8.0222,-3.9485,4.1302,-73.691,33.449,16.9,-3.7406
4.9791,2.0075,-2.7322,-27.557,16.713,66.732,-54.422
-4.2781,7.0342,-0.13323,-76.906,14.922,-9.1732,-119.99
6.8494,6.0058,4.6133,-70.056,58.43,1.9814,-40.678
-9.2997,4.7049,-4.7476,-33.767,49.957,0.33263,-58.287
8.9505,-8.6323,-4.6298,16.075,55.391,-13.815,-81.261
-6.3205,-4.7867,0.27125,14.719,13.372,54.717,-59.533
-9.7372,-8.3767,-1.0867,-62.662,74.422,53.548,-57.49
9.9086,-0.78316,-4.5916,-69.097,3.9753,-13.182,-57.897
-0.3268,5.2572,3.8155,-84.541,59.991,68.362,-21.597
-0.029807,-9.6514,-0.5956,-48.524,86.445,-10.89,-100.5
8.3168,3.5936,-4.0416,-76.857,63.818,45.829,-72.239
6.7759,-8.0922,-1.9991,-27.434,82.74,70.792,-18.501
7.088,-7.1402,-2.3554,-6.0052,12.968,-6.3469,-104.53
7.0261,8.0967,4.9685,-77.384,62.286,13.967,-68.423
-7.5987,1.467,3.3994,-61.991,-14.248,56.1,-15.482
6.0852,4.3648,3.4497,-26.43,14.147,47.884,-7.9242
-9.7734,2.5268,-2.3987,-73.077,42.923,-6.5681,-99.552
-7.4327,0.54553,1.9107,10.742,60.022,34.035,-18.913
7.9082,7.4974,-2.0585,-26.052,18.454,1.5772,-128.49
-6.1823,-1.1685,0.64453,-32.922,51.205,47.617,-69.393
9.6245,-2.6375,2.0453,-42.067,63.607,-24.192,-69.538
3.5122,1.294,2.2475,-59.565,-2.9769,26.35,-81.377
-8.7746,-3.88,0.38711,-73.897,51.696,-12.615,-49.809
1.9386,6.169,4.3437,-64.498,65.389,25.545,-20.349
-8.5246,6.391,-4.9435,-32.444,-6.3337,30.483,-67.692
0.13059,1.5922,-2.9544,-48.029,41.334,38.562,-49.496
7.2737,5.5788,-3.5029,-3.8058,58.765,-21.718,-57.225
-4.9416,-2.4913,-2.7008,-39.741,31.779,57.993,-49.371
6.9282,1.0451,-1.2244,3.4248,18.676,61.83,-24.096
7.3995,-7.842,-4.9368,-51.789,23.938,78.681,-77.956
-3.9294,-2.0773,-1.1958,-71.612,-5.4863,78.613,-20.847
8.12,-8.7901,4.414,-72.05,82.345,37.46,-55.981
2.5268,5.6194,4.8551,-38.989,-19.53,16.308,-72.404
0.22594,-6.3986,2.6397,12.384,30.861,60.705,-128.36
-3.3981,0.65709,-1.6557,15.258,-20.765,2.3626,-53.994
7.7092,-8.269,-4.2003,-39.836,34.385,0.34254,-60.803
-5.5024,3.6898,-1.6457,-74.485,-18.559,-17.083,-0.70479
-1.4994,1.155,-0.61939,-37.812,0.16033,58.829,-114.07
4.2284,-9.3226,-2.9739,10.682,82.997,-26.727,-22.908
-0.13585,0.48072,3.169,-54.445,-10.298,68.672,-42.579
1.3718,2.3129,-3.2743,13.856,56.179,30.695,-37.18
5.5097,-7.4297,3.9347,-49.023,50.902,-19.286,-125.13
5.3688,-2.4452,-0.12461,-10.02,77.823,47.939,-108.35
3.3502,1.8183,-1.8158,0.23065,37.816,64.266,-24.64
-0.63624,5.9785,2.0465,-9.4914,32.047,53.879,-104.79
2.2971,-6.2748,0.27151,-38.822,-11.719,49.59,-38.093
-1.7162,8.08,4.7454,-60.518,-9.6035,-29.534,-17.978
-0.69619,-1.876,2.1731,-38.108,-12.363,26.875,-14.012
-1.2089,-1.1558,0.79473,-39.628,12.005,25.782,-125.85
-2.0662,-0.93653,-1.7714,-8.8428,-6.9109,45.734,-28.459
4.5084,-9.1282,3.7499,-25.861,64.847,57.599,-69.221
0.099281,-5.7416,2.4748,-44.333,-29.176,32.037,-73.201
-8.8342,7.8529,-1.3238,-21.348,31.977,53.862,-17.355
-5.6975,6.1769,-1.874,12.876,72.727,46.176,-117.71
-4.2902,3.1121,-0.71675,-36.087,8.426,-2.9499,-68.403
8.4238,9.9392,1.6201,-82.403,14.749,29.444,-93.318
8.4356,1.0608,-3.5052,12.421,16.736,23.983,-20.62
-4.4966,-8.0967,-3.1808,-33.754,60.649,2.801,-107.93
1.8686,2.6164,-1.5169,-65.762,7.2893,44.414,-82.589
8.749,9.131,2.8112,-63.476,71.704,-10.39,-42.805
-6.0099,-5.9695,-0.0022933,-76.864,66.131,31.919,-29.786
-0.56594,-2.6638,-1.8035,-28.597,-19.737,13.559,-22.982
-5.0805,-3.9107,-0.93162,19.895,66.298,57.458,-51.337
-9.4749,8.922,-2.5445,-33.108,79.622,27.421,-65.517
-2.8591,7.4863,1.3892,-56.412,69.629,20.127,-21.341
-7.9012,-5.8785,-1.144,1.9954,-24.253,14.306,-2.2837
-9.1163,-4.8069,2.0465,-11.042,39.912,64.434,-97.922
9.8677,-9.1316,-0.79561,-9.9526,14.853,31.87,-92.506
5.7381,2.3738,3.7417,-22.803,25.193,77.686,-107.86
-9.9436,9.8237,-0.75561,-48.771,34.843,7.106,-83.414
-3.45,4.1569,-0.97553,-33.487,35.123,26.638,-118.2
2.8133,-2.5698,4.9377,20.032,36.753,16.709,-32.19
7.1797,-8.6648,-1.3546,15.83,35.223,88.978,-13.408
6.3154,6.7274,0.6293,-16.628,56.516,35.396,-97.363
-2.6547,8.4985,2.6814,-6.9766,30.471,-14.702,-66.188
4.8982,-8.7513,-0.63174,-48.093,-0.37985,7.9873,-24.391
-6.1715,-7.3042,4.2973,-4.661,-9.9371,7.0714,-129.47
-1.378,5.6208,4.0798,12.759,-24.954,51.343,-129.18
2.1263,-9.3251,-0.95994,13.356,-2.1279,-3.6896,-119.07
-7.1775,-5.9244,-0.2424,-68.07,82.097,-13.27,-126.34
-3.7945,-2.0826,2.2852,-34.987,66.48,80.37,-19.416
-7.7487,-9.7344,-4.9354,-24.48,34.866,16.381,-62.289
-3.0696,-3.9885,-4.2804,-36.495,28.435,35.993,-44.521
6.2237,-5.5679,-2.3777,-64.494,44.021,3.4928,-47.009
-2.5075,-5.2619,4.0667,-56.997,16.889,-22.034,-100.04
-5.8452,4.3429,0.25073,-83.209,-29.717,-27.673,-31.864
-8.8719,-8.1661,0.46787,-68.052,25.403,-10.905,-42.903
-7.1983,-9.7496,4.0764,-55.305,38.023,69.005,-106.28
-4.0351,-6.476,2.2131,-22.412,65.71,5.1603,-45.013
-7.728,-2.8168,-3.7814,-18.24,64.429,25.854,-128.32
-4.296,5.8187,3.202,-53.327,75.482,26.345,-74.503
2.9784,5.27,-0.035084,-46.184,31.941,29.457,-125.45
-7.492,4.0593,3.6355,-20.687,62.404,-14.067,-38.079
-4.1389,6.8474,-4.1337,-6.3428,18.768,4.5683,-13.757
2.2262,-7.3796,0.11333,-49.047,-16.624,10.779,-46.837
6.5473,-3.4496,-1.6042,-59.483,73.174,-22.189,-93.704
-3.4439,8.6926,-4.2254,-32.688,60.703,-11.949,-3.9718
-1.4536,-1.7251,-1.9225,-12.866,-26.291,18.244,-121.59
7.0555,8.4833,-3.7558,-18.516,-22.163,35.776,-126.36
3.0739,-8.2725,1.2174,-72.851,-7.7715,70.58,-88.427
4.1594,-6.8659,-1.9671,-11.556,73.74,49.889,-40.167
3.6258,-7.9353,3.665,-83.573,46.785,42.244,-51.375
8.9477,7.9952,1.2104,6.2939,12.139,-25.395,-1.3006
2.8681,-2.4623,0.061792,15.399,6.6234,89.883,-82.55
4.2836,8.5638,4.3641,-16.614,51.231,21.152,-7.9879
-8.5171,-2.0972,2.6701,-11.994,78.687,51.694,-54.983
-7.4609,-6.757,3.5248,-6.0346,15.052,85.176,-127.74
-0.40965,7.5482,4.261,-21.315,77.569,67.148,-74.225
2.641,9.5439,4.5525,-39.506,52.364,15.558,-70.576
0.2547,-7.7887,2.3604,-19.551,-29.101,15.484,-118.99
-5.7378,-8.8594,-4.8922,-20.28,22.929,80.726,-60.617
-3.639,1.7071,2.6177,-20.43,-22.66,1.4896,-3.1691
5.3824,-2.5482,-3.2646,-83.971,10.655,7.1979,-72.119
-8.6711,3.157,0.48659,-85.607,25.878,-26.092,-118.05
8.9252,-2.8311,-4.3252,-1.4214,33.368,52.526,-90.545
-0.99673,-7.916,3.236,8.2517,25.751,66.385,-38.989
-5.9947,-0.95309,-4.363,5,22.357,61.728,-42.873
-3.8351,0.077761,-0.56537,-2.7255,-5.0546,39.279,-105.68
-6.9584,-7.74,2.8452,-80.966,66.176,3.8388,-79.728
3.5908,-7.1128,-0.9577,-52.622,-18.337,3.4893,-56.867
7.6318,4.6471,-2.9044,1.5902,74.164,-23.94,-43.023
2.2823,9.9615,3.6395,-17.968,12.72,31.792,-96.824
0.47022,7.1899,-4.1113,-19.555,-14.962,-23.915,-5.0663
2.3747,6.9441,4.1567,-61.565,-8.4893,32.227,-103.77
-0.53476,-3.4184,3.476,-83.374,42.582,5.8628,-68.878
7.9541,6.7965,1.6821,-67.464,-17.411,60.255,-22.889
1.4987,9.6706,3.2832,-31.722,87.684,-2.3647,-2.1254
-6.6926,7.0923,3.3257,-79.902,32.114,15.818,-36.177
0.26362,2.4241,1.1538,-36.608,41.869,20.802,-121.97
8.9267,5.882,4.6022,-45.226,-18.203,7.8292,-11.612
5.7692,-0.72732,4.116,-60.474,55.375,80.576,-56.099
-6.1033,0.23467,-1.805,-89.767,-23.822,17.683,-72.495
-0.57231,-6.9992,0.00036536,3.7942,-4.5794,-27.859,-33.169
-4.2202,-0.80506,-0.5951,-6.0889,3.3328,54.156,-117.55
-0.33159,-5.2347,-4.2313,-26.723,54.283,59.06,-105.05
-9.9835,-3.7779,2.133,16.225,84.993,-7.5763,-26.749
7.3137,3.0727,1.8829,16.921,45.107,70.077,-51.532
4.1059,-2.2595,-0.54449,-33.059,62.144,76.24,-12.589
-9.0778,-9.8305,-1.6191,-61.758,0.50226,30.304,-71.125
-3.435,-2.4887,-4.637,-37.576,-24.35,11.851,-74.024
7.8354,3.919,-2.8329,-44.93,50.17,34.623,-76.549
8.3102,-0.47507,3.7868,-77.305,83.623,-19.26,-51.31
-9.4965,-2.933,-3.0931,-20.821,81.517,-4.9734,-117.01
-4.207,-3.9213,-3.3245,-6.7583,31.468,47.346,-12.31
-1.1668,-9.4352,-0.42385,-14.873,-28.835,-5.587,-12.473
-0.78074,1.9131,2.4848,6.2187,52.804,-24.093,-98.037
3.701,-1.5184,-4.0558,11.146,55.092,40.377,-0.59837
2.9934,-2.5123,-1.5029,-41.301,37.759,56.032,-77.405
-0.18264,1.4523,-1.595,-67.109,-5.8319,-17.951,-9.7068
7.2063,-9.0506,2.3268,-15.657,34.104,2.3567,-31.772
0.17254,-5.1436,2.7976,-5.2971,77.757,28.204,-54.777
-8.7934,1.547,-4.8246,-54.799,-13.897,80.279,-85.148
-3.7297,9.8779,1.9669,-73.594,-9.0199,-12.93,-27.036
-2.789,-8.8456,0.047185,-70.642,-11.375,-26.221,-75.103
4.9321,8.1449,-3.5445,-50.747,12.148,-21.107,-65.403
-9.0715,-8.7093,-3.4662,-28.956,34.319,-10.503,-74.158
8.6869,-7.0514,0.28245,-8.6527,43.527,70.688,-0.72656
-2.4984,-8.7923,1.8847,-72.806,6.9646,64.961,-30.107
1.4665,-4.5054,2.3081,-68.644,-13.707,10.484,-73.976
-8.7862,7.3092,-1.8714,-58.004,-5.5572,-27.78,-100.79
7.8282,9.0333,0.019494,-39.832,60.409,46.766,-70.333
-2.8117,4.7933,0.75183,-14.685,-20.236,86.069,-94.803
-6.3189,0.7406,3.7136,-26.354,54.171,4.584,-54.068
4.2454,-6.1062,1.8163,-43.705,19.098,37.224,-42.717
8.344,-7.3576,1.0947,0.36138,4.1278,51.75,-107.14
-0.66523,-2.8686,-1.0782,-79.061,52.425,-19.002,-2.7925
-8.1985,-1.481,2.6572,-85.066,49.565,-13.768,-49.291
4.2993,-4.3451,-1.9438,-76.028,-3.3976,-3.7143,-120.56
-7.4249,-8.9347,-0.57103,-26.841,49.02,89.923,-81.739
-9.9917,-2.5305,-2.0595,-2.2594,77.164,13.307,-108.46
8.6078,9.3791,1.5517,-53.995,76.44,84.8,-89.663
9.1029,5.8151,-1.6914,-36.331,-11.21,86.163,-61.787
1.4657,4.6165,-2.3597,-4.0336,72.895,7.4223,-0.91161
8.1068,-2.0861,1.1764,-84.291,45.747,-27.181,-22.579
-3.9952,-8.9788,2.088,-71.985,-29.39,-4.3008,-26.28
2.004,-4.9656,0.17436,-75.497,61.833,71.408,-63.758
5.1701,5.7159,2.6276,-73.459,59.855,15.225,-76.537
-8.5811,-2.8299,2.0326,-67.239,82.846,81.71,-0.32912
-8.5952,7.2195,-0.53812,16.512,27.193,28.294,-41.079
8.077,4.7696,-3.5385,-58.257,51.649,-12.224,-113.05
-8.7137,-3.419,-3.9325,-54.858,7.0435,16.275,-74.688
8.2267,7.9925,0.36189,5.6126,-2.8547,40.458,-62.149
-2.105,-9.2259,3.3072,-45.626,-29.319,3.7913,-26.932
7.9983,-9.8953,4.3167,-10.801,20.659,-19.256,-123.07
-0.97766,-8.701,0.06717,-39.54,36.71,4.111,-126.01
0.86378,-0.81221,4.5079,6.7498,14.566,44.798,-124.56
5.7324,0.48392,-0.57283,9.6033,24.127,-27.882,-60.509
6.7544,2.4828,-0.8725,-51.529,48.087,81.378,-20.323
-2.7371,1.536,-4.7172,-75.352,-10.496,51.547,-57.583
9.4787,8.2347,2.2119,-56.049,-24.248,-28.049,-128.26
-9.4579,-6.097,-1.7518,-3.2823,-28.657,37.275,-118.52
1.3492,7.6642,-0.31081,11.178,57.004,10.062,-71.315
0.95661,9.3644,-2.2293,-32.369,50.33,76.956,-25.004
5.1305,7.2856,0.62386,-37.5,42.162,-21.04,-129.16
-6.8822,8.1979,-0.90553,-9.9407,27.864,80.004,-96.157
-7.3903,-1.0471,-3.1109,-22.674,15.527,18.59,-126.25
-8.7297,8.7152,-0.75607,-48.158,37.439,23.946,-33.225
0.077126,-7.4165,-4.5558,-73.082,61.423,39.111,-32.887
8.4597,-4.4197,-4.5938,-64.655,-15.566,-1.9609,-18.224
7.6529,-4.4013,-3.1223,-66.008,45.866,25.405,-75.686
3.8115,-6.8495,-1.4218,-83.303,85.075,-9.7619,-128.35
3.8697,7.9887,2.8592,-17.169,-6.3334,17.138,-22.445
-4.028,-4.1203,-3.2209,3.0676,1.0063,14.562,-70.427
-5.2884,5.9959,4.073,-86.572,39.712,59.58,-96.993
-2.6071,4.6246,-3.394,-77.432,35.144,30.232,-129.81
-1.5201,1.8498,-0.63235,-4.6274,13.57,54.76,-92.104
-9.8808,5.007,-4.288,-89.895,66.045,66.573,-5.2289
1.35,-4.0824,-4.4435,-69.233,25.258,80.662,-81.105
4.1581,-6.4791,1.9192,-73.001,61.777,65.481,-91.789
-3.8623,9.0055,3.092,-66.266,32.454,-22.787,-105.42
-0.49766,-1.1724,4.5758,-30.793,54.531,28.104,-40.472
3.2273,-5.335,-2.4732,-19.256,69.087,7.1873,-11.111
1.1905,-5.0158,3.2334,-56.609,-17.905,58.345,-31.271
2.4088,6.1445,-0.19244,1.5526,61.398,9.3511,-4.3418
-4.3273,2.1838,0.8927,-3.1403,4.0813,-28.523,-107.29
9.98,-3.7501,4.1623,-70.428,37.922,84.316,-106.16
3.4125,-8.0574,-3.9675,-68.501,17.75,-25.171,-56.067
-1.5959,9.9403,-0.1417,-83.041,-26.903,65.074,-51.29
3.5523,-9.8486,0.74888,-82.48,-15.405,-28.358,-105.53
-1.4387,6.0992,4.4498,11.848,57.389,64.954,-95.644
-9.995,5.4612,4.8351,-65.682,57.586,0.87687,-80.639
-8.2433,-7.8864,-3.7301,-54.747,-8.3471,50.225,-92.857
-7.0253,-0.62784,3.5583,-40.957,-29.479,71.381,-29.466
-2.4736,-9.6982,-1.7919,1.9451,69.978,-3.5933,-129.59
-6.8359,8.3335,-0.32507,-62.766,40.673,-19.469,-33.477
0.92375,4.1774,4.9557,-78.447,19.239,28.828,-121.47
6.8348,2.6918,4.2346,-9.9749,54.857,30.793,-95.772
-7.1631,-5.0294,-4.2352,-17.344,23.657,-5.3294,-3.4929
-8.2983,8.2518,3.3074,-59.497,62.251,87.029,-38.886
9.9236,5.7765,0.06324,-5.0403,10.317,61.026,-123.94
9.9788,-5.5156,0.73398,-7.2676,9.6655,18.9,-87.347
-0.9485,-2.3788,-0.2501,-72.032,25.477,60.386,-101.45
0.31182,-3.7105,0.70064,-72.179,6.1996,-5.0542,-15.821
9.774,0.073527,2.1672,-89.113,69.565,75.645,-16.181
5.2875,-5.6367,3.6021,-82.832,77.946,64.899,-41.665
-1.1387,-5.6186,2.9959,-65.959,57.034,26.918,-33.101
2.4838,-8.0846,-0.3825,-46.284,19.904,45.92,-20.943
3.9411,1.5721,-0.6176,-83.049,1.7995,74.691,-107.07
9.1603,8.6373,-3.0385,-70.137,-27.836,75.286,-46.635
-4.2768,4.1421,-4.3613,-42.062,59.071,-20.233,-34.651
0.15931,4.0747,-4.4463,18.79,83.181,17.355,-118.46
-9.6174,-3.9767,-1.9382,-54.634,-10.464,65.826,-105.87
6.7781,7.4069,3.6392,-43.035,0.8118,-14.111,-19.415
5.3767,2.0762,-3.1117,-67.726,34.015,-21.485,-129.82
-8.9119,1.316,3.8642,-13.309,-27.297,28.294,-63.256
-6.4249,3.2376,4.0715,-6.4329,79.527,-7.7422,-2.608
9.6097,-0.507,4.6612,-84.237,-0.81796,45.715,-38.356
-0.48458,-7.703,2.2134,-33.949,-13.516,6.5491,-78.064
-5.402,-6.2945,2.5692,-17.629,39.374,87.917,-115.77
-9.739,3.9042,-1.8666,3.1983,56.432,4.1624,-58.357
-2.2317,-3.4178,3.1119,-33.086,83.373,0.86601,-68.265
-8.3013,-8.9079,-2.4688,-89.196,20.579,-27.037,-58.087
-9.5831,-0.3132,0.80394,-36.836,21.302,16.597,-85.743
6.8443,2.8738,3.3942,-29.657,69.275,57.061,-114.32
-8.2159,-5.728,-1.1493,-21.291,-11.705,-6.5407,-83.139
-3.375,4.6841,-2.071,1.0269,-26.478,89.694,-74.95
-0.084012,-6.9584,1.0924,-74.519,75.544,10.019,-64.047
-5.4675,-7.2143,-2.8208,11.266,7.7119,10.246,-117.4
-5.6131,-0.27717,0.013672,-11.9,-11.179,21.628,-80.7
-6.1762,0.18848,-2.037,3.5197,80.933,-27.129,-18.807
3.0061,9.1324,0.47346,-36.183,-20.207,-27.279,-82.158
9.2981,4.603,-4.6517,-75.041,55.051,59.833,-57.721
-7.7918,-8.5488,1.4519,-11.654,74.237,89.039,-23.328
9.2103,5.8855,-2.8294,17.233,42.403,-28.49,-70.224
0.52966,-9.9869,4.4109,-56.847,25.25,17.698,-128.89
-8.5264,5.7923,-3.2774,-87.319,-0.65826,44.37,-129.66
6.4074,-5.1214,-0.037294,-46.772,56.171,79.366,-60.323
8.0049,4.7296,3.1786,-47.481,76.156,-24.814,-21.375
7.5427,-3.073,-0.82916,-6.8843,59.763,-11.604,-38.716
-6.1551,-2.28,-1.1637,-50.679,48.251,0.32468,-37.214
-2.5707,6.4383,3.5431,-5.8377,13.913,-27.277,-114.63
1.6683,-7.9197,-3.4389,-24.89,4.813,-9.8588,-58.359
7.5252,-0.82449,-2.6594,-64.982,44.006,18.931,-62.384
-2.4476,3.6292,-4.4073,-45.218,-7.5805,39.659,-41.984
3.2074,-6.0963,3.0715,-75.731,56.837,3.7545,-112.19
6.38,6.6852,-2.8369,-61.689,72.644,40.696,-25.769
1.0328,-5.8929,2.0995,7.3347,24.166,-18.435,-112.82
0.53254,1.1666,-2.8249,-7.4571,13.379,37,-74.483
-0.3825,-7.2717,0.2238,16.298,53.169,57.483,-128.71
7.0224,-6.4311,-3.7133,-32.66,42.712,-15.942,-89.807
-6.0248,3.744,-2.9281,-21.061,64.321,-1.2329,-86.591
0.057548,-8.0952,3.7861,-46.14,-4.4211,72.811,-18.051
-9.2578,-7.9438,-3.0792,-89.653,23.534,-9.0757,-119.99
6.2512,-0.63134,1.2112,-1.9332,19.24,45.766,-11.73
-9.9372,5.4927,-2.2758,-56.68,-8.7763,41.7,-11.233
3.4621,0.24651,-3.2841,-7.4745,-29.626,12.984,-113.98
-7.4671,-3.1065,2.6307,17.145,55.941,61.736,-95.677
-7.4488,-7.4123,2.3838,-57.448,31.319,5.0579,-16.06
0.055013,-4.294,-0.81889,-86.686,75.809,5.5983,-74.426
-6.9256,5.4137,-2.244,-17.216,32.887,-19.909,-2.0008
8.0678,-2.3794,-2.2577,-30.991,32.377,55.529,-64.188
-6.6954,2.3437,1.6401,3.7983,29.535,14.598,-9.5452
-6.6279,-1.13,-0.78579,-79.678,62.84,-1.1297,-12.075
4.6901,-3.4397,-0.073473,-18.163,-25.196,46.067,-105.41
8.8289,-2.3757,-1.3456,-62.912,-25.09,51.601,-107.49
9.0369,5.0145,-3.5804,17.085,57.331,49.121,-103.08
3.8894,-5.8471,-0.36594,10.205,73.562,84.643,-16.483
-8.5647,-6.1969,-2.7642,-51.855,-3.0193,9.794,-2.1711
1.2799,0.87281,-2.3591,-2.5575,36.14,70.812,-71.541
5.2645,-9.257,0.83241,-21.753,83.571,66.257,-2.651
-4.5191,3.9857,-0.8984,-42.247,64.327,20.412,-105.36
2.776,7.6453,1.926,-59.195,18.084,2.0299,-13.842
-2.9238,8.4438,-3.7395,0.25629,-28.303,-9.1808,-92.573
0.19785,-2.5989,0.10725,-11.292,78.949,59.377,-74.611
4.1418,6.5303,-0.56113,-18.41,54.972,4.5883,-94.064
-2.688,-7.4635,4.2495,-22.437,6.594,89.126,-54.958
-0.81601,3.0231,-0.88154,-45.894,-7.9156,58.358,-50.699
0.68008,-5.78,4.3706,-70.171,70.838,45.132,-1.1361
-7.7114,8.3609,4.0309,-16.724,76.859,52.934,-114.1
-3.4747,7.4665,-3.8261,-1.0538,-28.384,75.22,-81.025
0.053857,6.4854,-2.5475,-45.19,45.693,34.517,-64.723
8.4986,1.7072,-1.6178,-33.267,4.3075,0.20388,-99.107
9.499,-5.6842,3.3135,18.206,12.97,6.8597,-36.704
7.0586,5.0558,-3.064,-40.788,36.728,18.721,-70.339
-1.6531,9.5426,-2.1619,-51.533,-14.267,-18.511,-60.137
-6.403,5.1706,3.6647,-8.957,79.61,32.161,-31.207
0.58358,-4.6522,-4.0213,-80.354,-29.608,-12.031,-94.896
-3.7071,8.4367,1.7085,-72.252,50.371,-9.9073,-36.8
-5.3064,-1.7749,-0.54154,-20.722,-12.782,1.1455,-96.557
1.0793,-7.5148,-0.96054,-74.554,67.864,12.219,-112.33
-6.5407,-2.4306,3.9638,13.046,8.2659,47.967,-30.356
9.3425,-5.3987,-4.4806,-85.275,76.081,53.939,-78.487
2.388,0.94862,-3.2143,-18.281,1.7132,87.459,-31.428
-0.62863,3.9799,0.38229,-53.188,19.925,-1.0922,-101.26
2.4241,4.4891,-0.52744,-4.446,6.9074,-17.503,-104.08
-7.6165,-2.7571,4.8027,-37.099,54.674,0.03589,-127.36
8.2427,-9.1951,4.363,-68.172,80.961,87.223,-21.055
7.5801,-4.7163,-2.8245,-61.53,23.467,15.344,-40.702
1.1472,8.7993,4.5535,8.2903,82.21,62.686,-26.678
-1.0554,4.4879,-0.010968,-38.51,76.615,20.187,-104.25
-3.2588,-5.6933,-2.6047,8.7223,79.138,57.807,-11.931
-0.5642,-0.26186,-4.1803,-49.442,-24.832,-0.80975,-24.482
6.9692,-9.2222,-4.0426,-4.8747,-23.849,3.5453,-110.29
1.4435,-7.2807,-4.0564,-21.896,-8.2178,36.65,-9.5079
-6.7627,-0.98854,4.9702,-20.36,30.799,46.762,-107.77
7.5335,-3.7217,0.72139,-37.485,-22.099,18.746,-6.8654
6.3307,-0.32365,-3.0482,-43.526,75.61,44.722,-18.586
-7.6998,7.9122,4.997,-75.993,-0.91692,61.949,-63.954
7.382,-9.9078,-3.4807,-35.208,12.066,77.251,-124.36
-1.1788,7.6701,-2.0545,-13.669,37.612,16.288,-31.565
-8.2159,-9.004,2.3494,-62.458,46.067,2.1821,-46.467
5.9237,-8.7284,-1.3785,-49.379,35.052,59.324,-25.708
3.0328,-7.4946,2.9201,-39.079,65.136,54.04,-16.411
1.2591,7.4,-4.7509,17.632,17.912,23.671,-107.43
-1.9645,8.3468,1.123,-31.661,0.71581,56.499,-48.732
5.1674,-7.9231,2.4204,6.8946,-22.843,-23.032,-15.702
-3.5329,5.1132,-0.71682,-31.158,33.026,73.085,-118.62
-1.734,1.7599,-4.2144,-66.549,15.316,77.963,-3.7533
-0.19285,-3.9916,1.7214,-48.653,76.855,70.88,-17.946
7.2523,1.847,-3.7985,8.4201,28.159,76.997,-5.1169
-5.7055,4.5524,1.2129,-12.646,48.85,0.33738,-81.518
-2.3261,-3.9778,2.3497,-11.102,83.624,59.477,-117.28
-6.0144,3.5745,3.1973,14.695,33.237,78.761,-100.15
5.0137,-1.1995,-1.3643,-85.362,-9.3319,20.617,-100.15
-9.8383,-4.2604,-3.9871,-62.452,13.454,-1.2127,-124.81
-3.1467,-2.4676,-2.641,-26.739,-1.9035,2.8905,-18.892
-4.0957,-5.8833,2.4062,-34.807,33.29,-6.7388,-61.474
5.7683,7.1201,-5,-5.9437,-4.4685,47.816,-101.8
-3.6764,8.9748,-4.7587,-52.866,69.089,39.822,-47.671
0.35049,-7.9516,2.7429,-72.603,-24.973,56.955,-63.918
-9.3103,1.7696,2.0379,3.474,-10.845,81.235,-49.221
1.3435,3.5248,-0.47116,-83.94,23.452,-3.7404,-63.982
-2.789,-0.53377,4.6358,-65.622,59.164,54.724,-78.308
8.1152,9.808,-3.1538,-78.829,61.974,31.773,-39.303
7.918,5.7525,3.9669,-74.166,76.783,61.918,-127.54
1.603,-0.25228,-3.7309,0.95435,80.843,82.113,-23.435
-7.9532,4.7744,0.14836,-36.234,42.705,4.0958,-21.033
0.26823,9.6971,2.2815,-67.955,41.935,31.551,-72.857
0.085648,-7.2744,4.2545,-80.525,-10.037,46.527,-91.692
8.391,-6.6088,-3.2432,-68.204,3.0519,66.346,-90.58
2.0143,-7.0751,3.2178,-41.943,45.289,45.766,-64.066
-7.3096,7.6019,-1.5747,-3.1044,81.341,-20.879,-127.08
9.8932,-5.0937,-4.4353,-1.7691,13.407,85.037,-31.241
8.7905,9.2601,-3.4441,-86.517,-22.418,15.96,-99.259
2.6323,-8.0795,-1.1618,-66.515,-3.5495,69.33,-105.91
-1.6532,-6.6636,-0.64743,9.0564,26.117,26.597,-53.883
-6.1067,2.0796,-3.7725,-26.191,-26.494,12.369,-0.06748
-0.51341,3.8307,0.30208,-55.858,17.582,40.289,-53.751
4.2594,7.6517,2.5777,-77.684,-9.3095,83.079,-61.741
0.89657,8.4834,-0.16079,-34.684,61.931,50.9,-82.35
-0.79118,-8.5738,-2.9235,-15.859,28.997,23.258,-68.905
-8.5303,8.0413,-4.9708,-32.489,11.802,47.924,-54.466
-1.1569,-6.1902,2.3014,-40.235,-18.612,-22.47,-26.172
1.2713,-9.0577,-1.6669,-4.3566,32.366,-19.801,-48.396
1.4571,6.8284,-2.7947,-14.196,-13.64,20.395,-28.352
-9.3622,-3.6373,-3.3103,-54.912,61.125,44.964,-32.023
0.47518,3.1806,-4.819,-20.06,52.066,64.959,-127.36
4.399,6.8733,-0.84369,-75.465,54.943,85.675,-38.041
0.73742,-1.998,3.5026,-88.904,14.655,51.061,-34.474
-0.55185,3.2128,-0.46364,-1.5029,57.629,50.701,-103.22
8.3497,-9.2992,-3.923,-34.612,84.962,-29.673,-76.043
-5.5327,5.3249,-0.3861,8.4451,20.661,63.616,-0.77482
4.8199,0.88037,1.0789,-41.299,12.072,-28.856,-116.82
8.0072,1.0709,0.50122,-5.7633,57.22,6.1444,-115.74
9.7205,8.8648,-1.9233,-73.811,62.547,-26.46,-30.443
3.6232,5.3911,-3.9711,-11.5,-16.831,22.459,-106.76
-8.599,3.3919,2.9769,-5.8817,64.177,10.569,-25.322
-4.3047,9.7935,1.6753,-57.902,-0.62728,45.221,-124.2
5.1975,8.4156,2.2084,-28.654,52.853,43.671,-68.18
-5.8337,-7.7177,3.9528,-67.904,30.207,60.405,-10.827
3.374,7.1259,-4.4439,15.206,-1.2186,-0.55889,-29.097
-1.0242,6.7543,3.2976,-61.577,67.997,5.278,-119.02
0.83806,5.4428,-4.7321,8.9964,77.927,42.344,-59.012
8.0693,-1.394,-4.8162,-12.076,-22.097,31.442,-111.78
-5.2706,9.8973,3.8628,-32.167,32.881,11.383,-62.068
0.19577,-7.1128,-4.639,7.5568,20.147,14.781,-62.189
5.4123,7.1179,2.0242,-20.77,26.392,7.7914,-2.7889
2.0566,5.9166,3.466,-37.076,72.477,70.063,-3.0209
-1.9586,-3.8449,3.3863,6.2615,75.49,14.78,-7.2397
3.5261,-5.2372,2.1342,-52.544,49.125,-17.325,-123.03
-5.6721,7.9925,-1.6905,-54.382,55.714,-14.547,-86.145
3.5381,0.66456,-4.5684,-33.435,28.468,63.87,-19.444
4.8283,-3.4806,-0.74819,-68.355,-10.876,59.487,-85.93
4.7002,0.76261,-2.3138,-32.71,25.979,25.835,-35.833
-6.2709,-9.3723,3.6832,-4.1083,82.967,37.348,-91.469
6.7093,-4.8578,4.0723,-29.359,-9.8083,88.51,-70.869
-2.8629,2.2072,-3.1637,14.805,-3.5016,0.37796,-103.77
5.8314,8.5872,4.9463,-35.313,45.267,49.056,-129.76
-2.9945,-4.5882,4.6823,13.11,-7.699,-0.081797,-17.049
7.397,-5.2116,-2.8066,-75.775,-3.4917,-6.3376,-32.332
-9.3194,9.1026,2.0886,3.839,29.209,76.47,-101.29
-6.6777,2.1622,0.042628,-50.993,-23.691,88.559,-19.766
6.0606,-5.5034,0.4199,-18.794,31.913,63.1,-81.766
2.6949,7.0501,0.73028,-34.146,-27.85,71.665,-72.14
-5.8735,4.9292,-2.8305,-13.781,-11.051,22.954,-74.161
3.8847,-4.6974,3.7685,-57.85,71.612,25.776,-30.796
5.1856,8.3648,4.765,-21.327,-8.9178,25.792,-56.59
9.8448,-2.6639,-4.1812,13.971,84.924,26.028,-118.87
1.3278,-4.572,3.3539,-17.233,47.683,4.3518,-73.132
-3.139,0.18719,4.4684,-45.461,48.098,-26.782,-65.685
2.3554,-2.1643,-4.2819,-22.657,78.534,83.94,-67.712
3.3638,6.1951,0.85394,-79.618,28.347,72.698,-105.67
-5.5185,6.87,4.2805,-36.879,-12.795,27.626,-6.5807
9.1211,-0.51165,-3.56,-82.943,-28.306,23.681,-46.08
-2.8041,3.876,0.34868,-81.225,35.328,13.671,-116.99
7.0281,-6.5901,0.49251,11.131,-22.063,-6.7048,-60.943
8.6941,-1.4854,-2.2941,15.534,-25.546,4.3911,-103.41
-4.9647,-7.7702,-2.5594,-48.012,-28.214,-12.108,-110.19
5.9532,-7.1299,-0.21467,2.1025,64.679,81.909,-61.01
2.8947,1.2728,-3.3839,-50.557,39.373,-21.021,-97.869
4.2466,-5.5024,3.9227,8.5506,73.979,84.763,-75.869
4.2978,5.7085,0.36749,-38.997,61.201,47.525,-100.7
4.1199,8.2706,-4.4034,-49.874,23.78,-21.95,-53.318
3.1239,-0.01696,-1.2472,16.857,73.908,-13.088,-41.004
4.8127,0.24854,-3.0413,-32.339,59.514,-5.3271,-67.965
6.1122,-5.0976,3.9623,-0.45034,39.215,-29.868,-56.21
0.45774,-4.7676,-2.4728,-56.866,84.343,29.301,-103.79
5.5122,-5.6374,-4.1056,-15.199,59.781,-0.19277,-125.79
0.15251,5.7259,4.5396,-62.396,32.11,-6.9741,-95.195
-7.5559,-7.9427,4.82,19.126,14.635,72.623,-32.044
8.4066,-1.0284,-2.8055,-27.512,54.727,10.68,-32.721
-1.2846,1.2935,-1.1771,11.159,12.811,22.495,-16.2
-7.5136,8.3275,3.6534,-33.463,-3.3151,24.964,-11.07
8.4583,9.7846,-0.59887,-14.56,2.9004,-6.972,-32.566
-8.0611,6.0757,3.2732,-11.416,83.534,54.87,-60.324
-9.7463,5.6396,-2.403,-22.124,7.6941,65.807,-33.3
4.7399,6.1564,-2.2573,-89.849,1.6324,-16.038,-109.02
-0.12114,-1.9002,-0.50158,-75.412,-26.742,37.56,-61.907
-4.0111,-1.3976,3.1581,3.2343,-11.882,86.035,-128.46
-9.942,-2.3603,4.9285,-3.3091,-23.712,-13.335,-82.259
2.2331,8.0089,-0.1711,-79.965,23.655,0.60075,-26.328
-3.1165,6.6811,1.3167,-64.48,15.317,60.248,-33.345
5.6157,-2.4441,4.6346,-47.451,57.901,41.015,-122.72
5.7891,1.9583,-4.6472,-86.577,77.212,-28.888,-24.228
9.2858,-6.6558,0.41767,-86.8,34.145,73.467,-64.241
-2.4066,4.2322,1.8225,-15.987,24.704,9.8781,-94.546
8.1426,4.631,-0.25532,-57.365,85.441,-10.929,-4.1018
0.90906,-8.1587,-0.39797,-88.621,8.7112,79.457,-96.934
8.0208,1.1507,2.6849,-87.703,1.0386,31.799,-114.85
-7.2641,-1.6591,1.2471,-37.052,84.145,48.219,-48.196
-8.3709,6.4441,-4.7916,-60.104,14.533,-15.696,-4.647
-1.1662,6.3444,-1.0941,-4.1855,-1.7057,74.092,-10.067
1.6076,6.5991,2.9935,-47.405,23.469,86.14,-92.73
9.9565,-2.4142,-3.9873,-64.581,37.816,4.8336,-53.839
-0.2116,8.2081,-3.386,-73.719,5.622,59.431,-117.1
8.698,5.8105,-2.1308,6.3379,-11.315,26.074,-119.34
-5.0485,0.78397,-1.2684,-4.2602,67.854,58.259,-76.207
-1.1152,7.3954,-1.8422,-60.528,4.0768,67.397,-93.268
-1.5395,-9.5721,0.033916,-26.172,-9.0582,13.815,-57.375
9.5595,-4.8489,4.7185,3.5261,-17.925,37.405,-15.265
-1.0786,-3.0902,-4.6114,-82.552,6.3645,1.0416,-14.782
-6.1697,-3.2972,-4.4181,-14.788,35.401,69.14,-51.403
-1.3122,-1.3026,-1.0563,12.696,-9.136,89.151,-5.4021
-8.0248,-4.9635,-3.6107,-80.351,8.4542,44.697,-93.1
6.7558,0.22273,-0.79254,-74.067,33.366,68.614,-81.549
-8.0083,-7.2772,1.5074,4.0657,2.1507,-15.12,-109.65
-2.9819,-4.8818,-3.3884,-24.923,73.937,86.784,-124.32
6.8581,-5.245,3.9388,15.35,31.844,9.583,-98.744
-5.3936,8.9215,1.5228,-86.744,30.361,-1.1511,-100.73
-1.426,-2.0414,-0.70575,-18.9,77.177,28.976,-23.11
-5.3626,-1.0661,-4.3056,-9.9348,76.756,-18.8,-82.928
0.7813,-2.6656,-0.29191,11.193,-15.744,-15.151,-81.251
-3.3168,9.5201,3.7146,-82.445,36.756,13.045,-8.455
1.3979,6.4544,-4.7714,-12.47,24.052,38.259,-79.707
1.3247,2.1311,1.3154,-53.764,-9.5847,66.905,-9.3638
8.0976,3.3945,3.7545,-58.006,-0.79379,-13.63,-85.747
-3.344,1.6172,-3.6712,-75.395,37.622,87.655,-5.9045
-5.6582,4.5336,-0.84908,-81.027,10.847,77.406,-90.311
9.5478,1.8114,-3.8274,2.5245,-4.2681,45.299,-76.637
1.5421,-4.2065,1.8056,-74.742,12.456,59.508,-28.512
-5.7388,7.618,-2.958,13.819,70.41,-1.1295,-83.578
-2.3987,4.2828,3.0793,-25.053,71.448,-8.8102,-65.794
2.8142,-0.25819,2.4031,-26.537,44.585,26.8,-100.85
9.8276,7.4081,-0.1269,-81.685,84.468,34.509,-34.52
-2.9356,2.5032,2.715,-40.901,-13.309,61.416,-124.68
-4.0991,-6.878,-0.070321,3.5553,-20.166,71.379,-121.96
-0.048489,9.659,-3.5045,-46.698,-5.4043,70.185,-19.823
7.4958,-8.7918,-4.0641,-19.492,-11.047,-4.6572,-1.4228
3.667,-1.9475,-2.6959,-46.33,69.267,13.767,-7.6292
-0.91996,1.2972,2.5984,-2.9343,23.824,85.975,-108.19
1.4558,3.4675,0.80364,13.653,21.824,54.87,-16.831
-6.9514,7.1902,-4.7722,-37.47,-26.753,13.011,-21.631
1.5135,8.7038,-4.6369,-20.374,62.029,-19.48,-89.163
9.6207,4.6406,-0.41766,-60.977,-0.087532,-18.615,-77.361
0.61497,0.24,-4.3398,-65.355,-29.272,-4.1219,-113.66
-2.1565,1.3023,1.1145,0.59136,81.921,18.926,-25.711
-9.5212,9.06,-3.2379,8.3977,4.0407,40.136,-45.112
2.7146,6.6409,-1.8397,-5.2501,26.502,8.7539,-46.769
0.67764,8.9078,-0.33383,-26.069,15.149,-19.242,-11.58
-7.0111,-6.4311,-1.7108,-19.833,62.19,21.542,-83.571
-9.908,8.3333,-2.6382,-73.123,41.299,47.378,-12.797
-9.3551,1.9363,3.1048,-67.225,29.388,3.101,-35.225
2.3596,-1.9211,4.6133,10.235,23.56,7.3117,-11.049
5.9285,8.6047,1.7339,-37.93,-8.0125,86.644,-66.219
-3.5323,2.6413,-1.1449,-74.391,29.478,-9.0855,-91.276
0.23916,0.85381,-4.7638,3.093,45.393,73.926,-33.272
7.1352,-9.5973,0.61931,-83.863,72.536,22.889,-68.144
8.1726,-0.62293,-4.4303,-40.193,25.898,52.981,-123.7
5.4743,-4.1284,-4.5885,-44.179,81.41,11.042,-88.529
3.9245,4.0373,4.8673,-82.366,-15.875,-2.5749,-85.839
-2.4181,8.6932,0.9721,-76.78,65.24,-4.4281,-106.19
-3.5586,0.76751,-1.6267,-79.977,10.368,16.734,-124.66
-5.1969,3.6295,-4.6248,-74.306,10.872,46.173,-106.59
-0.20242,-8.4381,3.0131,-8.3775,17.172,-21.747,-80.352
-8.9863,-5.3318,-2.2196,-44.192,-29.894,75.593,-113.86
0.86801,0.29579,-0.10113,-56.908,-12.008,3.635,-79.949
1.8858,-3.2401,1.4835,-7.8255,-9.4161,33.254,-22.442
-4.309,-8.3062,-3.7735,-17.731,74.132,82.337,-105.88
-5.2261,1.3055,4.5616,-19.148,27.412,27.875,-105.08
7.6719,-1.9233,3.3344,-12.882,77.014,66.553,-127.22
8.1691,5.4009,3.252,-24.554,26.107,-19.527,-4.9223
5.5372,0.85179,4.7065,-18.652,36.824,71.702,-52.279
-9.4777,1.6407,-1.4466,-56.051,77.829,-26.182,-7.4312
-4.859,8.4866,4.1733,-88.508,30.84,40.087,-37.043
-7.094,-8.7688,4.1776,17.293,40.623,-0.7344,-78.058
-9.1457,2.5479,-1.4806,-29.339,51.714,-11.902,-118.4
2.7184,-5.1474,3.0294,-43.344,5.6435,33.558,-47.173
-0.29938,1.6142,3.4562,-34.799,32.469,-8.0345,-43.359
-8.9575,4.6577,4.0297,-72.436,-22.83,33.793,-91.157
1.4102,3.1385,-1.2959,13.577,52.52,14.28,-101.57
7.8326,6.7389,3.9684,-73.93,20.036,76.973,-69.574
-7.2465,6.1519,4.5351,-20.08,3.4985,-20.744,-97.943
-4.0932,5.4548,-1.6701,-54.027,-18.757,59.322,-127.32
-6.0607,-0.77311,4.4751,-17.978,35.927,89.358,-58.217
3.5421,-1.0279,3.4241,-73.167,-8.0368,57.646,-52.412
2.9339,-8.3923,-0.99263,9.9193,-20.269,57.757,-80.745
-2.5593,7.3947,0.62891,-26.429,70.309,53.199,-3.735
-1.8568,-1.8802,3.0627,-46.411,55.224,29.699,-61.501
7.6853,-2.3168,-0.87299,-31.556,-2.6192,83.639,-26.358
-6.5257,8.2744,3.704,-25.125,77.313,79.015,-86.335
-6.708,3.1174,-2.9202,-58.608,73.839,35.71,-63.896
-1.6607,-0.7329,-3.8359,-17.968,-21.066,55.611,-78.723
-5.1363,5.3436,-4.119,-20.091,24.387,51.139,-74.466
3.4181,-7.2996,3.2256,-0.025416,84.072,-14.011,-115.93
-3.5577,-6.0033,-0.24322,-30.199,-2.0148,56.704,-70.288
-1.4594,-7.0797,2.8429,-88.718,38.75,-23.178,-71.918
8.6075,2.74,-3.4644,-25.357,26.515,-2.404,-13.641
-2.6584,5.1847,-0.27498,-64.849,-7.1683,81.197,-54.032
-6.7685,8.7704,-4.3292,-86.876,13.706,33.312,-12.604
-4.8306,-0.83296,-1.6994,-9.3074,26.697,-0.48965,-45.44
-7.7078,-6.0507,2.3982,-71.466,5.6715,28.923,-120.73
1.7393,-7.8594,0.39395,-58.301,36.52,-27.803,-80.878
3.8579,-9.3955,-4.5705,-17.338,5.03,-17.762,-48.471
-9.9364,4.3755,3.1698,-27.493,55.775,66.109,-5.9876
6.9309,4.033,-0.3053,1.1359,63.865,88.096,-44.953
-0.14166,5.1591,4.1664,-80.996,82.305,77.464,-41.763
-4.8614,-8.501,-1.6933,-70.228,77.697,-9.8461,-86.959
8.3784,4.1629,-0.52068,-72.051,-15.116,22.627,-113.72
5.5562,-0.56183,4.4123,-73.536,55.509,40.805,-36.44
6.2264,0.29063,-0.46427,-22.365,7.3924,59.076,-2.5975
3.1144,-1.0754,2.0548,-13.489,-20.377,15.678,-33.514
-6.6549,-4.7193,1.5241,8.8013,-26.972,37.796,-68.342
-2.8121,-3.9785,-2.7677,-78.794,-29.025,0.33712,-2.7732
-6.5396,4.8628,-2.3324,-31.164,15.438,-20.084,-16.153
-3.882,8.109,0.59895,-84.899,26.904,-4.9308,-66.854
8.1905,-8.8389,4.6931,-12.534,9.2221,32.774,-12.329
5.3427,-7.6813,-4.0869,-19.384,40.518,-17.378,-100.78
6.1502,-0.46789,-2.4371,-73.91,6.7824,67.836,-122.16
-4.2699,-0.50604,-2.9497,-40.327,43.273,66.616,-129.55
8.0613,9.9129,-4.0715,-20.904,16.158,38.492,-7.4346
4.8073,9.6928,-3.9102,-6.3053,81.356,40.083,-67.876
2.6881,1.2296,-0.71186,-73.088,63.563,53.199,-121.34
1.3576,4.955,0.8586,-21.563,-27.148,84.208,-115.9
-3.5203,4.3718,1.7077,-57.178,-24.657,61.47,-26.536
9.5602,-1.9079,-4.2508,-24.608,20.438,4.4225,-122.9
3.3949,7.1729,-4.6642,-37.916,-28.505,44.942,-113.01
7.0295,5.3447,1.2864,-50.525,-28.23,-26.132,-42.731
-8.3388,3.4612,-4.9095,-2.7486,58.034,81.133,-25.238
3.4614,-7.4541,0.99362,-25.273,-1.5001,48.816,-37.583
9.9055,-9.6859,4.1224,5.3557,-13.939,81.974,-74.88
9.1051,-9.0587,0.14618,-43.187,3.3931,28.532,-40.195
4.1419,0.94582,1.2462,-20.307,-17.932,47.141,-124.31
2.4664,3.4282,-1.0747,-63.719,-26.66,86.923,-73.329
-8.3481,-7.4236,-1.885,5.1842,10.684,49.495,-48.465
-7.8732,5.4817,1.5952,-50.694,-20.508,-3.0349,-97.728
2.7852,0.71031,3.2867,-10.604,14.455,39.195,-25.593
-1.9239,-9.2752,-4.3248,-44.362,-15.784,46.968,-45.599
0.95684,-2.9799,0.96791,6.0908,33.529,81.645,-72.765
-6.999,-8.9468,3.128,-8.2402,21.971,88.364,-30.737
-2.6307,4.2826,-4.856,-88.083,3.1848,28.123,-61.612
-1.5691,-7.8763,1.1258,-26.859,-4.5534,27.381,-88.196
-5.5867,0.10996,-1.8246,0.20172,-29.203,-25.64,-72.295
-8.0519,4.6686,1.5665,13.57,-3.8382,20.696,-21.127
6.2677,-4.6429,-2.3637,14.759,-8.5292,-14.82,-28.871
-5.6301,6.2299,0.46225,-18.999,8.9164,14.231,-10.192
-7.8935,-0.85726,-4.9511,15.973,79.947,43.06,-18.323
7.1399,3.4086,0.40625,-18.567,49.524,77.126,-72.604
-3.9117,9.1954,-3.3277,-29.73,-21.907,60.272,-101.77
8.7502,5.2811,3.4518,-12.316,-5.5984,79.103,-61.55
-9.452,-7.7834,3.8391,3.3789,52.5,41.416,-125.85
-6.4519,-8.8247,-0.06678,-11.257,57.107,38.052,-96.977
-4.1828,1.4188,2.0332,-66.387,-4.4575,89.107,-108.72
-7.1831,6.2999,2.4222,-34.713,17.805,23.791,-103.28
-5.6066,-7.2865,4.8908,-60.25,22.597,37.569,-64.995
-1.6857,-6.1034,4.8592,12.753,56.351,2.3416,-48.149
-0.3037,-1.7286,2.3725,-78.525,81.75,82.866,-16.088
7.6269,4.3011,1.986,0.3778,68.751,-4.6145,-97.394
5.5217,-6.0599,-3.7008,-34.509,0.68724,11.095,-65.416
3.8607,0.52622,-2.1721,-86.949,-17.783,-5.3446,-83.821
-9.188,-7.4914,-1.2754,-28.431,46.793,4.5434,-45.891
-9.0001,9.1981,-3.0428,-50.165,43.295,14.804,-92.694
1.174,3.3472,-1.2794,4.5575,39.204,28.415,-81.635
3.3122,5.5636,-0.66546,-85.522,-17.755,-6.3025,-32.015
-9.7797,-4.5491,3.7674,-81.688,82.895,66.253,-14.464
3.5519,7.5738,0.11796,17.036,-25.762,71.284,-60.06
9.6454,-7.8555,-1.5397,-16.622,-27.714,-15.652,-86.468
3.9551,-6.1712,-2.1039,-74.733,-10.114,57.879,-27.528
3.7373,-8.969,-4.3044,-44.26,46.631,53.224,-93.074
0.7385,2.124,2.3515,-31.539,71.481,-22.559,-56.407
9.0165,4.3813,-4.895,-75.595,12.976,80.735,-90.342
1.2032,-6.6743,2.6479,-49.537,36.59,-25.728,-11.714
-9.3838,7.4167,-1.6604,17.135,9.5231,3.3788,-117.45
3.394,5.6618,2.5981,-16.672,78.35,11.881,-43.51
2.7818,-1.9296,-4.222,-81.995,2.0596,28.113,-5.6123
-6.0711,6.4798,-3.1959,-84.265,-11.218,-27.913,-58.535
9.6559,6.5253,-2.7473,-32.217,76.434,33.604,-66.368
3.1514,6.34,4.0662,-22.401,16.822,25.739,-31.128
-7.3205,-5.7085,-3.5799,-1.6715,15.107,85.75,-80.384
6.0187,1.304,-2.3991,5.7814,84.531,30.252,-123.46
2.4795,6.4946,2.7199,-70.114,66.019,8.7448,-61.635
9.1231,-8.7783,1.3196,-29.912,-9.7418,-6.1083,-126.31
-6.3413,3.3305,-3.9553,-0.50888,82.657,29.238,-118.64
-6.7071,2.0489,0.69353,-54.784,2.2266,41.164,-50.903
-9.5395,-7.4557,-4.6216,-64.597,51.541,-2.341,-117.7
8.0239,2.213,-4.0725,-35.073,-25.498,60.147,-127.58
3.643,9.1993,-2.9094,-33.853,-6.9725,32.413,-71.112
-7.6611,-4.2719,4.7738,-16.211,77.701,-4.397,-108.22
0.7396,7.3231,0.028545,-86.578,-15.259,66.422,-101.81
4.7525,-0.9034,-4.3519,-75.602,58.857,74.953,-38.117
-8.3057,-4.9663,-0.87302,2.0412,-6.9803,0.56272,-0.29368
4.9939,-7.5494,1.6683,-48.764,10.81,36.314,-0.97967
-9.909,-0.82407,-1.4601,-44.084,60.176,72.751,-41.802
6.7725,2.4478,4.421,-74.993,-28.373,-5.802,-36.346
8.8196,-4.7618,3.1237,-79.762,75.517,31.628,-79.113
4.8956,8.9072,-2.8655,-49.545,2.4064,47.695,-97.5
-1.3963,-2.3226,3.3291,-19.053,27.808,88.415,-98.454
-3.2171,7.9153,-0.52479,-13.323,0.9014,48.638,-75.778
-3.1915,-7.9878,-0.67479,18.615,29.366,70.017,-58.717
-4.4363,-5.5038,1.0778,-27.665,82.042,34.135,-109.44
-1.5112,8.9145,1.7816,-61.268,41.916,21.099,-121.39
-2.7846,-5.5532,-0.40413,-41.364,11.381,37.733,-23.233
2.4022,-8.6744,4.3482,20.035,40.562,-12.59,-77.909
-5.8402,7.0124,1.0981,1.7276,-0.37992,77.211,-123.23
8.1094,-7.0705,-3.25,-45.909,31.546,-13.582,-75.55
-2.0746,4.4079,4.3044,-61.755,68.133,10.758,-104.85
2.2876,-2.1551,-0.018895,10.504,-1.8386,28.775,-33.898
0.62577,-7.6454,-0.60673,-72.94,40.465,66.006,-86.177
8.6886,-9.1292,-2.3948,-21.247,7.1816,22.853,-125.01
-8.3434,-9.9349,-0.046832,3.699,54.181,47.015,-90.527
-1.5778,-7.4842,-1.6475,-9.9612,23.448,15.92,-53.261
-7.7634,8.0241,0.024421,5.7905,46.631,-2.7357,-7.7001
-3.5057,8.5057,-2.3247,-15.23,82.659,-5.1525,-123.06
-1.5468,-8.1781,4.1859,-7.0455,-6.6544,64.472,-13.347
4.3222,-4.0063,3.0774,-66.804,37.479,-7.0169,-45.414
-1.3638,-9.6601,4.8268,-15.161,54.505,71.439,-16.082
-5.2821,2.2489,2.3874,-34.478,-6.906,44.353,-16.136
-8.8078,7.9096,0.43658,-14.91,21.561,50.53,-12.834
-2.5753,-4.5471,0.43309,-57.195,-7.6327,69.961,-81.88
7.4676,3.0823,3.4299,-84.433,82.506,48.467,-61.547
8.8994,7.7067,-1.8551,-11.493,-5.9469,52.601,-83.802
-5.4568,4.0183,1.6061,15.808,18.015,-18.205,-128.74
3.9369,-0.9683,-0.77572,-50.108,65.968,13.893,-70.938
6.7701,-7.5516,-1.8086,-34.798,-15.144,-21.843,-49.195
1.5574,-5.0843,3.6464,-25.581,59.714,80.825,-124.63
5.2308,-7.091,-2.7447,-31.478,9.849,32.772,-56.438
-8.3513,-1.6224,1.1862,-73.015,-6.1431,73.654,-30.558
-5.2802,3.7988,0.15464,3.1339,26.436,82.945,-62.752
3.7524,7.986,-0.35447,-20.497,56.235,3.7668,-102.6
6.0459,-2.2037,-2.4966,-48.894,41.52,36.972,-106.67
7.1246,-0.022351,3.0747,-1.9748,42.246,88.821,-49.173
5.7574,1.1987,-2.0018,-71.793,40.801,83.119,-70.358
-0.2017,-5.4722,4.8213,-5.3676,38.215,83.126,-5.1885
-6.1575,5.0231,3.3287,-89.161,-22.147,74.732,-12.725
5.6724,-5.0447,-0.19456,-72.014,51.637,77.668,-47.314
2.8226,-4.3483,4.1257,4.0235,52.299,30.4,-57.954
-4.4568,-7.1241,-1.7594,-31.675,81.15,52.446,-43.326
7.6153,6.3314,-0.14826,-44.954,60.777,6.6175,-79.856
-8.2833,-6.9125,2.6342,-4.221,-24.987,58.134,-97.961
-9.0788,7.293,4.2509,-28.101,18.322,54.178,-87.279
7.1207,-3.5178,1.0803,-7.3988,32.826,40.67,-78.094
9.5672,-6.6326,-3.2472,-30.199,40.645,62.49,-77.608
8.7696,-8.4534,1.3585,-52.651,62.964,57.447,-122.25
9.0437,9.5102,4.9901,-1.8682,21.203,22.701,-46.16
-0.69321,0.97246,-4.7569,-15.532,-8.6391,51.323,-96.026
3.726,0.97313,0.8465,-54.626,75.615,86.514,-44.348
-9.0438,-1.2425,3.5242,-45.361,70.504,82.024,-42.772
4.6179,-1.7717,1.4147,-42.409,15.602,-11.843,-12.09
-6.1884,-2.1822,1.2058,-82.042,1.0239,58.619,-60.356
3.0009,-4.2108,-0.78431,-4.9647,22.117,17.671,-122.81
9.7769,-0.77437,-2.6032,-63.29,-0.29881,28.427,-122.8
0.42308,-3.2631,0.0801,-47.958,13.471,68.151,-108.5
-7.4245,7.4753,-0.33339,-52.093,-15.926,3.8434,-92.297
-2.7468,-9.5026,1.4362,-66.905,33.645,78.226,-22.477
8.7683,7.574,4.072,17.839,55.948,77.416,-44.643
-7.3185,5.9243,-1.499,-66.002,-23.012,10.501,-77.815
1.5728,0.8427,-4.177,10.383,-11.479,-13.971,-34.297
5.1225,-9.7793,-1.5372,-30.255,-3.168,55.264,-127.45
-4.4234,-2.4977,3.9457,-58.513,27.697,64.792,-69.611
0.4845,8.8251,-2.1383,-55.258,75.657,75.407,-86.017
9.7292,7.5824,1.7011,-38.924,57.237,2.1711,-77.043
-5.9991,3.4708,4.8633,-43.621,46.662,73.983,-36.632
-3.1735,-4.0159,-3.9389,-44.035,73.078,22.769,-32.417
3.2705,8.6448,4.7929,-15.462,48.138,82.492,-46.52
5.6235,-9.3733,3.939,-35.726,84.231,79.5,-103.71
9.591,0.97584,1.0531,-27.03,72.386,23.042,-56.569
1.3758,-0.34873,-3.6577,-89.01,81.678,-16.548,-89.913
-3.1912,-2.5716,0.16179,-40.271,4.8801,-0.076928,-6.0978
1.9832,-2.8704,2.2273,17.109,33.063,75.359,-105.43
