8.82,-3.2796,3.5836,-13.716,56.529,41.858,-47.03
7.0583,0.99103,4.7858,-57.874,72.109,56.376,-47.941
-4.4305,-9.0928,1.4103,-84.222,-1.5088,-23.429,-28.511
3.2878,-3.3566,-3.8531,-71.29,46.387,82.774,-52.11
-2.0007,-0.59228,2.4259,-33.621,82.034,-3.5232,-102.08
1.9708,4.6785,-2.2547,-32.625,-5.1153,55.686,-110.48
3.784,4.2978,3.1353,-51.363,-13.592,33.872,-95.929
-9.4433,9.5281,1.3553,-57.116,-29.746,40.946,-90.142
-6.0675,-3.9485,-4.7118,14.208,76.478,22.671,-55.654
7.1876,-6.1035,-1.8435,-24.885,55.496,52.668,-98.204
-3.2182,-2.805,3.4208,-7.6352,25.02,87.624,-118.65
-1.7433,5.717,-0.26165,-8.4951,57.544,35.175,-6.9827
-9.7949,-2.5206,-1.9778,-59.492,-5.8821,14.706,-38.819
-3.6988,1.3461,-2.0744,-56.875,29.348,32.963,-125.14
-2.4552,8.9454,4.0911,-35.522,30.016,85.37,-2.655
0.84643,-7.3537,-1.7434,-9.9293,-2.3398,86.541,-24.449
6.9904,7.6488,2.6608,-6.559,78.188,49.414,-85.493
-2.6321,-7.1213,4.4777,9.7528,14.071,9.6273,-1.4728
-3.0078,-7.7579,-4.7518,-69.32,23.681,-11.832,-86.503
7.5412,-6.9256,-4.0927,-86.305,-3.4471,-7.0192,-18.736
5.0259,1.9379,3.2333,-79.131,15.733,51.215,-78.563
-8.7586,8.0805,-2.0211,18.755,50.302,36.793,-40.735
-3.0591,2.6475,3.4121,-7.1283,39.655,25.577,-41.626
2.5709,-5.1823,-1.2599,-15.692,79.804,55.478,-119.42
-0.1397,2.1301,4.7462,-45.485,-6.3091,32.575,-123.14
-2.0145,2.3972,-4.356,-46.185,69.239,21.079,-48.539
-6.8515,-7.8081,-3.9261,-81.633,-24.503,70.173,-33.179
5.8851,0.41552,1.0546,-62.693,24.558,-15.062,-51.131
-3.0086,1.2766,-0.80061,-31.75,3.026,39.229,-31.168
5.7244,7.8404,-1.5573,-19.76,82.97,23.167,-63.959
-6.6662,0.018121,2.2016,19.502,10.241,20.485,-47.833
6.268,-0.81186,-0.39083,-80.134,31.53,11,-43.089
9.2493,9.271,-1.7823,-81.416,79.962,-1.6804,-7.3292
4.1991,9.0258,4.166,-19.617,40.656,14.002,-49.205
0.16193,-8.4906,-3.1172,-22.404,53.837,-29.448,-11.182
-8.716,8.1694,-3.7892,-66.942,14.484,83.872,-78.558
-9.5494,5.5328,-4.3082,-10.84,46.575,57.063,-80.4
-4.5908,2.3406,4.7139,-69.265,-8.0227,51.791,-29.554
3.8519,-8.8948,-1.555,-85.533,73.622,57.73,-87.588
1.1477,8.0892,-3.2429,4.3148,-20.059,-23.033,-46.172
-2.4727,-1.7076,-4.3744,-50.512,69.177,21.929,-24.035
2.1792,1.2214,4.0135,-52.391,17.494,-3.7778,-47.192
2.0706,1.2133,2.5003,-78.312,56.476,-27.374,-29.899
-8.2603,8.4551,1.2838,-48.945,-10.532,88.94,-7.6994
9.777,-2.4468,-1.8711,-73.034,47.536,73.526,-0.046348
6.1932,6.0417,-3.7607,12.933,5.4175,-16.44,-47.487
-4.0804,8.7739,-0.4715,-45.732,5.1402,-21.208,-67.494
6.5617,-5.2702,1.0198,-82.652,-22.678,63.452,-100.29
7.5772,2.7598,0.13496,-51.274,62.603,52.77,-40.237
8.8161,3.492,-3.1185,-24.702,34.537,12.929,-80.726
0.81311,-0.11722,-3.614,-35.008,-0.58226,82.018,-26.761
-4.7237,-8.6963,3.1765,14.583,25.658,-1.2046,-45.356
-4.9762,-6.2538,1.767,-66.565,30.111,28.33,-96.187
-6.3698,-2.6173,-4.2249,7.3821,6.9001,38.919,-120.35
2.2257,5.856,2.0387,6.3307,13.009,-16.82,-73.373
6.0731,-4.4861,4.7255,-33.084,19.906,65.447,-42.78
7.7291,-4.4155,0.6803,-74.067,5.5487,61.255,-70.897
6.619,-5.2336,0.42346,-38.849,57.189,44.915,-118.3
-5.1474,1.7591,-4.2022,-9.1591,31.473,21.271,-63.547
4.3158,6.4682,0.58587,-59.558,-8.0273,60.654,-91.266
8.9005,2.5764,4.3336,-87.552,-11.981,38.063,-59.937
-8.0782,-6.9261,-1.2638,-6.3766,-23.239,9.1638,-100.3
-9.2797,-4.3842,-4.4842,-84.443,-7.6674,42.881,-92.986
8.3403,2.3231,-2.7396,-56.318,-24.372,59.354,-55.685
4.9973,-2.1078,4.9844,-61.981,33.119,53.97,-58.286
4.974,-0.90078,-1.4826,-26.219,31.012,32.514,-40.173
-4.4282,2.9598,4.4439,-55.621,19.141,34.767,-29.368
-3.017,-4.2834,4.1654,6.5054,45.607,44.894,-32.428
-2.7125,6.8158,-0.26899,15.844,70.807,41.469,-119.06
0.67816,5.4589,-4.6987,-51.876,70.944,21.574,-34.169
-6.8045,2.2799,-2.6272,-46.421,78.699,-28.053,-129.62
0.42606,-9.2581,4.813,-24.762,-1.668,65.268,-35.232
-4.8787,-5.7114,-0.59668,11.418,-13.345,57.136,-11.053
-8.9917,-4.0713,0.82528,-62.551,-8.7926,86.826,-104.04
-3.8468,4.4998,-3.2666,-67.694,50.878,19.058,-50.003
4.6493,-2.4319,-2.5159,-22.671,52.448,55.52,-53.747
0.1716,-3.1691,0.906,-83.726,49.081,-28.267,-2.5907
-6.4043,-6.7183,-0.69759,-77.049,46.565,63.276,-32.612
4.8467,-0.85472,-1.2089,-54.394,81.476,-4.8403,-38.473
0.14077,9.2872,-3.2404,7.8275,27.051,47.01,-71.191
-6.8166,-8.889,-4.457,-8.9029,-9.6564,1.9954,-124.52
-8.1122,-2.7122,-1.3972,5.1769,-14.316,40.628,-40.541
-7.9345,-2.0071,-4.7383,-45.926,49.7,-12.161,-101.11
0.26113,2.2859,-2.8766,-13.411,77.992,-22.972,-26.455
-7.3318,-6.8923,-0.57082,-78.372,3.8823,67.804,-40.875
-2.3282,3.205,1.7505,-81.859,44.326,-24.596,-74.846
6.4348,4.8355,2.6345,-50.058,31.61,-20.381,-18.085
4.5,-5.5952,-2.9817,-75.999,29.228,45.168,-8.5264
-4.1713,4.4141,-1.215,-48.242,18.085,49.328,-36.617
1.8561,-8.1845,3.7434,-61.689,73.645,70.979,-8.9753
8.5854,4.0963,-4.9928,-51.625,62.515,10.362,-47.391
-5.4821,9.3814,-1.899,-55.273,36.807,-7.7565,-107.6
8.8297,3.9197,-2.1482,-58.392,-22.792,87.088,-94.649
1.6234,0.7338,-3.8394,-60.927,81.874,-17.718,-66.878
5.0806,3.8892,1.2156,-62.309,-7.7919,-23.217,-10.83
-1.2184,-5.664,1.4902,-0.16207,58.871,0.6977,-108.48
-8.107,-6.078,-3.2391,-38.976,-18.804,34.226,-66.892
6.5992,-8.6942,1.4339,-78.538,37.795,14.293,-10.515
9.5568,0.87,-3.8559,-39.361,4.085,59.259,-38.623
0.72504,5.4751,-0.76586,-89.083,-7.8879,7.1594,-109.86
5.2995,4.6781,-0.36359,-3.5321,61.337,34.276,-82.448
-9.9743,8.4984,-1.9514,1.9249,60.15,59.764,-21.322
7.0438,-4.0894,-0.9482,-4.4218,10.001,51.988,-92.995
-5.8692,7.3419,3.1682,-38.351,3.9851,-12.554,-20.643
-5.2054,-5.3936,0.61938,-87.803,76.234,4.1868,-32.956
0.96343,-1.4829,4.8633,18.05,52.922,40.634,-111.33
-0.41126,5.9821,1.7596,-24.196,43.285,-9.6086,-126.71
-3.7701,-7.7852,4.8442,-35.441,46.368,-11.709,-6.5608
8.9418,-1.8646,2.8879,7.346,24.745,70.365,-105.98
0.46898,1.8235,-4.0422,1.2386,-28.979,45.262,-119.91
6.8514,-5.0984,1.3011,-44.916,39.779,3.9238,-66.272
-4.6358,-8.9518,-3.2469,-62.576,41.978,-26.761,-41.007
2.0974,-7.5465,1.8103,-35.199,-27.643,59.9,-96.174
7.7273,6.4087,1.6736,-87.867,-29.501,17.889,-108.43
4.3252,-4.4138,-4.2215,-2.3064,57.224,49.902,-13.968
2.1681,3.1433,-1.0743,-54.062,81.802,77.051,-113.33
7.4868,-9.9342,-4.7443,-3.1041,34.105,-29.327,-24.11
-2.8839,2.6381,0.75367,5.9523,73.535,65.925,-43.636
0.84399,2.4694,-2.7305,-52.67,14.479,77.922,-18.521
4.4434,1.2389,-1.3444,-26.651,5.3672,78.512,-74.697
1.0053,3.8096,3.6604,7.6424,68.7,-14.62,-80.076
1.1236,7.9249,3.7047,-74.609,17.802,12.349,-40.765
-0.25409,-9.9264,-3.9,-26.696,64.314,2.3086,-124.01
6.9852,-4.658,0.97301,-56.087,-2.343,79.055,-34.341
8.6018,-4.3588,3.7649,-75.253,13.886,10.945,-41.334
-4.0571,-7.6607,1.679,-85.941,24.875,-6.3104,-16.518
8.1988,5.0194,4.8835,-71.627,-28.352,19.864,-22.185
8.8072,9.1419,-1.4757,-27.713,30.638,32.16,-120.49
-6.9126,6.8738,-4.9474,-58.291,-26.655,60.786,-112.23
-4.8024,0.70382,-0.36696,4.158,39.681,84.258,-105.78
7.5229,4.3122,-4.5074,-23.166,-19.344,36.429,-63.175
2.0173,-7.2765,-1.212,4.9555,20.695,76.574,-79.278
-1.8773,-3.9397,-0.56405,-58.084,-7.089,24.871,-101.96
8.3402,0.83646,3.602,-51.327,68.503,-24.884,-54.669
-0.29285,8.1462,2.9869,-33.845,-5.9213,7.4799,-36.5
-4.2999,0.26454,-3.1444,-78.667,75.139,81.646,-99.069
1.3301,-2.8356,3.8971,19.365,43.339,33.051,-69.741
2.6422,-7.7123,-0.55602,-75.922,29.504,23.765,-4.1744
-7.801,6.1481,1.7926,3.8209,-21.467,20.384,-95.425
9.1049,-3.9123,1.6128,13.756,59.473,-23.209,-60.468
-2.3635,-6.3987,-1.031,-2.8966,22.967,34.202,-64.95
6.0945,-3.233,2.5608,-15.905,32.336,61.075,-51.741
9.2238,3.6019,-1.5136,-17.718,59.23,49.504,-110.83
-9.97,0.0044819,0.92928,-37.655,19.474,81.15,-13.992
6.2869,-5.8149,2.4183,-51.898,81.392,5.3985,-105.68
-7.628,2.9114,1.6718,-42.873,78.448,77.019,-97.415
6.4715,-7.0364,-1.478,-33.263,1.182,13.572,-116.29
-8.5443,-4.8679,1.9818,-52.564,8.2421,76.225,-97.517
-6.9295,8.8037,-3.6169,-62.01,4.6081,81.069,-128.36
-4.1563,-1.5373,-1.5563,-51.392,-27.26,62.824,-126.36
-8.3815,7.8739,4.5982,-23.982,4.6567,6.3998,-43.364
5.7987,6.023,-0.37201,11.855,79.157,24.015,-4.2007
-2.5879,-1.208,3.8636,16.774,61.557,14.685,-80.851
5.1406,-0.16618,-4.1335,1.8925,64.164,24.554,-49.17
5.3544,8.2228,-2.0709,-2.675,75.446,51.105,-67.511
-4.8115,6.2561,0.96668,19.151,10.086,60.543,-36.399
-9.6384,-2.6961,-4.681,-11.148,38.889,-9.1761,-60.097
-6.2771,7.6389,-2.6786,-61.339,78.95,76.432,-29.827
8.15,2.5191,-2.7963,2.0098,40.429,-10.744,-68.584
-1.1232,-6.6919,-1.1351,-38.935,3.7748,74.437,-83.817
-2.8617,4.4221,-0.68355,-13.872,57.176,-10.544,-123.58
5.8801,2.0416,-4.3089,-37.083,64.604,21.553,-103.66
4.8879,-3.3332,-4.6511,-87.085,-25.211,0.83908,-25.91
-4.8072,-6.7522,-3.7489,-51.196,24.555,-22.864,-17.929
-8.6086,9.2033,0.70688,19.876,4.4315,40.079,-109.99
-4.6975,-5.7053,2.3124,-29.376,5.4729,32.522,-14.615
-7.5243,4.0886,-3.2868,6.8123,32.04,4.2138,-47.384
-1.369,0.85092,1.2119,-73.561,-20.036,-12.176,-25.082
4.9667,-0.84596,4.681,-28.447,37.496,65.643,-90.657
2.6237,-4.7959,-1.0795,8.2388,37.234,50.119,-60.253
3.51,-1.1614,-0.45011,18.737,-7.5968,17.821,-75.286
-6.1223,5.5985,3.7455,-59.578,31.731,-13.638,-104.61
-0.38933,-7.29,-0.52594,-26.141,21.182,66.837,-76.42
-2.4537,-6.211,-3.3026,-9.294,56.102,-23.585,-76.118
-3.4779,4.1003,-1.4145,1.1294,-9.2626,-23.726,-29.389
6.6245,0.92329,3.2676,-7.9863,1.1971,77.231,-76.886
2.4894,5.4038,0.74353,-33.179,-12.23,-16.432,-52.204
7.7061,7.9163,0.005863,-1.9421,17.491,51.351,-0.055995
-7.2342,2.0257,-0.30816,-69.203,-8.2767,63.883,-118.59
5.6233,-4.5455,-3.3287,-66.953,3.9318,46.427,-11.957
9.3874,-4.9861,0.97203,-34.891,84.443,-24.226,-14.208
-5.6547,-5.4809,-3.6057,-35.501,40.764,62.066,-11.302
2.2643,0.96237,1.4434,-27.762,71.55,-29.508,-13.659
8.2877,6.3813,0.02657,18.053,45.395,89.428,-33.292
-9.5289,0.20073,0.069152,-88.476,-4.6337,-23.915,-111.85
1.8432,4.6209,-0.83711,-52.298,39.464,26.104,-37.72
-0.50812,3.2792,-0.56884,-54.376,2.9053,25.007,-69.103
2.2292,7.0278,-0.62763,-31.274,-19.329,-8.5561,-95.009
-9.6172,-1.7145,-3.3829,-3.875,84.653,69.891,-100.35
3.2147,-4.3024,-1.0829,18.459,10.095,19.252,-59.794
-2.2434,4.8771,0.47129,-72.542,-16.768,-1.0091,-50.003
8.1179,-4.7913,-1.1684,-83.091,9.4479,63.506,-120.19
-4.8212,-9.1506,-4.2005,2.9879,56.033,73.357,-53.068
0.81504,6.0957,-1.381,-8.8647,77.858,9.1687,-70.529
6.996,0.45468,-2.3386,-46.622,64.852,66.696,-43.638
7.6416,-7.383,4.8524,-12.635,33.861,41.346,-119.81
-5.8068,-1.0105,-2.9275,14.79,38.435,-24.843,-90.037
4.0061,-8.5102,-3.1036,11.997,-23.434,89.021,-2.8633
-7.7987,-5.3904,-1.4382,-70.066,23.134,-16.679,-20.651
8.6683,-8.5698,0.21779,-74.861,31.639,76.192,-83.978
3.72,-6.0121,1.9045,-31.905,38.605,70.402,-84.542
-6.3818,5.9336,1.1234,-8.0762,41.678,74.385,-83.213
9.2747,-5.0524,4.9918,-56.356,75.361,16.83,-90.016
4.201,1.0818,4.8674,1.6227,74.823,-19.943,-96.104
-0.92086,5.6238,4.5587,-35.058,50.543,13.831,-33.923
-0.84952,0.76378,-3.9713,-76.085,28.42,-3.9435,-43.795
7.0942,-6.4125,-3.6275,-20.074,11.085,4.557,-89.613
7.5784,7.0649,2.3703,-42.451,82.357,38.126,-3.9266
9.8293,6.6082,-3.5395,-9.8799,37.644,-15.218,-90.785
6.3252,-6.3498,-4.6326,5.3728,76.944,80.804,-35.429
9.6306,-8.3535,1.8071,-43.897,44.314,-27.451,-121.93
-5.2374,2.6251,-0.24912,-63.709,-28.865,11.54,-114.23
0.40092,-3.8257,-0.44345,-37.57,60.265,-11.149,-76.226
-7.0501,9.6381,4.8372,1.0029,-22.397,-8.905,-85.775
-8.1424,4.59,0.14409,-86.197,-22.799,13.055,-18.145
5.9032,-9.5937,-1.8285,-24.636,-3.59,82.923,-104.3
-1.2437,1.1466,0.49566,-26.878,44.744,24.005,-42.624
1.5055,-4.365,-4.6813,-33.23,48.857,80.853,-72.865
5.0507,5.0585,4.869,-83.95,14.677,31.396,-78.258
7.2057,2.3645,-1.3047,-11.542,60.903,19.644,-77.702
-2.5371,4.6146,3.2292,-73.875,23.755,64.64,-34.822
5.4425,-7.6035,3.4398,-73.771,-12.028,38.733,-6.3952
3.3411,4.3875,2.1796,-60.958,59.616,-22.179,-77.116
1.2242,-9.612,-1.3017,-71.289,75.972,-8.507,-26.439
3.2002,-0.86387,-1.2048,-9.8547,-2.6015,1.3546,-125.62
9.8322,-3.8413,2.9741,-21.523,61.869,51.195,-0.47397
0.88712,-4.6766,3.7496,-23.502,-24.168,78.959,-51.371
7.6398,-4.9672,-3.8703,6.8399,43.35,-19.881,-22.939
0.76136,8.4671,1.7003,-80.585,19.045,9.194,-121.36
7.7879,-0.38199,-0.65422,-54.522,-8.7064,76.856,-6.4861
-2.733,-3.4339,-1.3716,-13.106,21.944,89.623,-67.395
-2.8663,-7.9671,-0.18021,-38.525,-7.3258,52.402,-66.601
-2.7993,7.1731,-3.9474,-88.417,74.892,20.667,-71.835
0.23245,-9.6087,-1.9767,-39.236,-0.75815,51.751,-88.468
-0.48851,5.6183,-0.91741,-72.481,16.255,2.9078,-28.793
2.6835,9.5352,-0.53831,-0.12538,44.739,14.165,-99.601
-2.4545,1.5014,-4.8023,-1.0733,31.912,55.391,-43.826
9.6773,-7.1568,4.0733,-12.49,53.834,31.042,-119.49
-9.5559,6.4202,-1.9994,-40.902,70.944,28.667,-74.831
-8.5484,-2.9736,0.4711,5.7014,-16.543,59.305,-98.495
-7.7631,-7.953,-3.2518,-53.354,9.8056,-9.0934,-110.54
1.4407,0.28913,1.5665,-54.411,-22.895,75.532,-56.469
6.5677,7.57,0.862,-6.5635,25.966,48.752,-46.669
0.30915,2.1363,4.297,-12.555,76.345,54.217,-128.87
9.5574,-2.6202,0.03205,4.24,47.732,54.8,-97.016
-3.5613,-4.0063,3.3697,-38.205,57.278,13.089,-3.1905
3.6395,1.1785,-2.7325,-25.362,-8.5349,62.548,-23.309
-1.3593,6.0355,-0.067165,-83.571,65.03,-8.8156,-50.623
5.3881,8.036,-2.1151,-41.179,61.101,79.516,-95.034
-3.4198,6.2919,-4.0677,16.622,71.878,9.8099,-71.676
0.51724,-2.7566,-0.21407,-21.147,28.86,2.8067,-115.44
-6.9775,6.5728,-1.3414,-59.472,30.052,-7.7335,-43.678
4.6522,0.30608,-3.7747,-57,78.997,39.494,-80.205
9.3394,-8.0893,3.5305,-64.474,-22.72,62.652,-43.288
-3.6483,-0.63963,-0.055227,-10.595,36.849,72.909,-67.793
-0.65877,6.6252,-0.66433,-61.726,4.0997,-3.4965,-15.725
0.74669,-9.1683,-2.1935,-26.691,68.885,73.648,-45.061
0.55204,-8.5409,-0.59389,-18.501,-18.961,4.4718,-117.06
4.0154,1.4651,3.8019,-83.467,14.557,67.416,-119.16
2.6464,-7.4244,0.11903,-17.252,40.917,84.763,-41.509
4.381,0.29906,4.0741,-79.742,46.373,-5.2189,-5.2776
1.4966,8.3733,0.9132,-35.266,25.103,31.678,-90.157
-7.849,6.4346,4.3272,-9.8861,-23.396,37.281,-91.746
-3.5805,-6.8084,-2.19,-21.115,-2.8795,-26.89,-55.996
-9.2292,9.4201,4.5632,18.777,24.289,26.894,-6.5168
2.118,7.0979,4.7837,3.0155,2.3367,0.0271,-83.05
-1.5555,1.5001,-1.2633,-72.04,33.335,65.019,-119.62
-2.4365,-0.0049396,4.6769,-59.122,-10.332,63.652,-58.36
6.6327,3.4616,0.14386,-56.281,0.78706,29.679,-24.05
5.4489,-3.0815,4.8444,-85.233,10.448,59.029,-41.683
-8.4459,3.9791,-3.0731,-76.162,66.858,48.967,-75.189
-6.6435,0.85661,1.3296,-89.085,71.59,8.2129,-90.495
-6.6779,7.1586,1.6486,13.923,53.565,39.084,-43.964
9.4098,-3.7288,-2.6056,-28.204,-26.429,2.8408,-115.98
-7.5616,4.6043,-4.2676,-70.406,28.356,54.282,-116.74
8.3103,3.1971,1.8364,-53.405,11.408,76.243,-36.733
-2.0955,7.891,3.7173,-15.91,23.905,22.452,-41.995
-8.5838,1.4767,1.6271,-48.926,-22.848,29.402,-73.669
-8.967,4.3687,-1.2292,-86.117,35.923,46.43,-13.735
-7.2323,-4.3763,-0.85255,-39.353,48.5,64.705,-23.26
4.5553,2.5915,3.668,-74.724,43.655,-18.254,-105.78
-9.4008,4.2703,-2.9481,-89.918,-7.1258,40.94,-9.7128
-1.2752,-3.3684,-2.585,-45.403,2.8551,-23.948,-79.657
0.39652,-3.2143,1.7172,-26.167,80.782,33.252,-97.054
8.4793,-7.9139,0.95194,-79.908,43.472,31.077,-14.067
3.4459,2.4377,0.11522,-22.567,-23.187,-2.2476,-70.674
-9.7026,4.2291,3.0019,2.1498,16.987,-1.5708,-70.8
-0.25526,5.8521,-3.9795,-83.348,32.063,-6.9938,-1.4682
2.0407,6.8004,1.1119,-50.175,-12.156,-29.472,-106.18
-6.7021,-5.4273,-0.32509,-14.144,6.6456,9.4906,-11.366
-6.6585,-1.956,-4.4876,-30.011,-12.386,38.457,-56.799
-8.58,4.5269,-0.50118,18.845,67.966,63.045,-5.9395
3.1161,7.9964,3.0916,-45.981,21.976,4.9554,-50.599
-5.9838,7.0786,4.9482,4.7942,28.24,54.241,-33.349
-8.7639,6.0412,-3.3405,-30.638,58.454,81.389,-29.956
-1.1009,6.8831,-4.0495,-50.668,57.948,-3.4307,-45.054
-9.7066,-5.008,2.3621,-31.747,40.792,8.7517,-51.659
7.6473,8.9687,1.7972,3.6431,24.953,67.615,-119.34
8.5607,5.9989,4.7678,-71.038,7.0599,32.663,-88.844
-5.4554,3.8995,1.0048,-44.75,33.742,23.099,-120.52
-4.197,-8.8074,-4.9287,-26.767,-3.9116,33.935,-105.03
-2.2705,5.5233,-0.20148,-53.061,64.979,38.37,-35.807
-5.7555,4.2833,-4.0867,-24.192,5.3623,14.63,-70.166
2.4579,7.0715,3.6725,-89.084,78.899,26.369,-86.082
2.9704,-1.2799,3.3261,-57.751,61.835,35.342,-6.8774
-7.0737,7.3063,-1.7633,-1.1621,66.531,15.265,-41.628
1.129,2.4999,-0.77952,1.5854,24.402,67.345,-75.081
3.9762,-9.6071,-1.3403,-23.018,53.967,-9.0324,-83.754
-3.9223,-1.5633,4.4395,6.96,-28.008,-12.453,-122.57
-2.1271,-4.056,-0.83393,-32.918,45.931,-13.201,-121.37
2.4703,-3.703,2.3417,-40.417,-22.933,75.436,-97.707
-3.8497,1.8337,-0.20079,-51.499,57.346,61.252,-0.55161
-7.7372,-6.0806,-0.26574,7.4985,77.944,82.891,-73.991
-9.8877,8.6584,1.6802,-73.531,58.377,18.99,-77.272
-0.31923,-5.8205,2.6933,-38.609,40.369,24.367,-49.268
5.9868,-5.6277,-4.0892,-54.089,46.275,40.053,-31.858
-6.956,4.0251,-1.8707,-32.499,-17.891,16.658,-71.657
1.4319,1.0287,4.2583,-61.525,84.743,-14.41,-25.405
7.1297,-8.4158,-4.3962,-28.895,-20.36,3.2136,-5.2352
5.3576,-9.8338,-2.8737,-11.039,-23.715,52.735,-50.437
2.2747,-6.3252,2.6756,-25.94,46.998,42.329,-114.89
-5.1403,-0.59201,4.4883,17.014,-0.79216,80.779,-52.437
-5.9283,6.3699,-1.8307,-58.125,39.998,6.4894,-89.743
6.1287,7.9199,-4.5879,-68.43,3.9799,66.286,-30.649
7.7715,4.2603,-0.78029,-11.362,-21.475,63.675,-33.372
-6.2833,-9.476,1.5309,-14.066,-29.96,-28.727,-54.878
9.4161,-6.4788,-2.8499,-12.406,-27.911,-13.019,-26.097
2.219,-7.5123,-0.59821,-24.513,37.333,75.428,-9.8187
-1.5261,4.3004,4.5078,-76.265,68.815,-12.32,-103.77
-6.4581,5.3296,-3.2122,9.054,33.381,75.302,-4.9083
6.9085,2.7627,-0.32684,-11.596,61.935,63.08,-79.837
5.6594,-5.9134,0.50733,-71.916,-29.238,30.386,-65.684
-4.7863,3.804,-0.84784,-83.585,59.313,-2.2203,-59.786
8.76,0.11274,-1.9449,-53.182,24.661,11.781,-104.26
-2.9874,-2.0643,2.8503,12.44,36.597,54.792,-45.537
-6.5825,-9.7538,-1.4816,-52.509,81.555,15.496,-121.17
8.0336,4.6238,-3.551,-0.49388,66.764,37.533,-111.93
-3.4107,6.7821,-3.7006,-26.253,43.084,49.614,-33.612
-8.3937,-8.6602,-1.9195,5.776,-21.406,59.354,-47.54
2.0642,6.7439,-3.7323,-8.5334,24.111,8.7741,-5.2235
-2.772,6.4879,-1.6395,5.1884,22.005,-4.586,-7.5906
-0.60099,0.21889,1.8507,-7.2128,49.767,3.5103,-20.307
8.8716,-4.2253,2.0996,-37.665,4.3099,79.778,-40.744
-0.25092,-8.6267,0.68165,-86.097,0.34436,24.692,-35.857
3.1035,0.58889,1.2574,-5.3465,7.4236,32.614,-21.69
8.1842,-2.9852,-3.4544,-86.197,61.926,71.009,-76.725
-9.4517,-6.2818,-3.5605,-2.4546,-25.502,67.543,-62.583
-6.6866,2.1095,-2.1868,-70.21,79.654,13.66,-55.043
9.1329,-4.7616,-4.3393,-58.539,78.31,-29.496,-127
-9.0366,3.2711,4.8211,-86.212,15.138,42.241,-101.46
7.2165,-4.6243,0.050015,19.183,34.117,4.8205,-123.82
5.6212,7.9571,-2.9063,10.218,17.983,59.464,-45.912
9.2503,8.9036,-2.409,-79.465,16.778,35.936,-49.607
6.3584,-4.4485,-0.20895,-48.535,70.329,34.905,-68.305
6.425,3.1894,-2.3682,-54.253,63.625,27.718,-22.75
0.59621,-0.60941,-4.8598,-8.8017,30.691,3.185,-14.456
-6.0681,-8.4376,-4.2973,-81.957,-26.671,82.008,-77.841
-3.6509,3.0027,1.377,-71.596,-1.2247,37.577,-53.325
0.31947,3.9337,-0.99581,-57.319,-7.9416,47.87,-109.05
-1.4876,-8.2146,-1.7809,-61.525,20.231,9.1316,-85.614
-9.921,4.1479,3.875,0.032109,4.7112,23.106,-102.85
-8.6335,8.8529,1.1766,-41.71,75.522,57.767,-110.07
-1.5396,7.1924,-0.1802,-23.862,69.869,15.307,-11.217
3.6746,-6.7929,-1.5298,-30.929,4.9052,49.951,-74.606
7.5904,-4.5861,3.1019,7.0554,87.742,1.815,-39.306
4.6722,-4.9715,-1.066,-66.065,73.573,-22.411,-81.203
4.0143,6.2594,1.2471,-63.91,-16.227,53.12,-112.85
-8.0948,-3.1101,-3.4937,19.718,45.25,-8.8362,-125.27
-6.7055,6.1476,-2.8983,19.088,-24.77,67.757,-4.3929
-0.091577,-8.0243,-4.7607,-18.747,81.662,54.6,-84.14
1.5998,-5.0624,0.34723,-10.333,26.84,87.298,-106.09
-9.494,5.3727,-1.6261,-31.788,12.34,52.621,-36.734
0.99868,-8.3592,3.402,-42.39,72.599,85.158,-7.1012
2.3322,1.5799,0.065228,-2.782,26.001,-13.813,-121.53
-3.7584,-5.767,-0.92748,-1.5427,83.919,68.291,-105.48
-1.6687,3.6604,-4.3786,-14.533,18.248,21.268,-92.449
-6.3645,-5.6709,-0.9552,16.694,20.755,-7.7024,-55.926
-1.6458,-5.6386,-0.97737,-28.994,22.166,33.628,-3.5638
-7.7146,-7.6007,-3.6311,-83.965,2.3315,23.353,-125.57
-8.4922,-6.4008,-1.1115,7.2994,13.421,-19.471,-103.14
2.5001,1.5845,1.2611,-58.854,84.29,12.495,-38.31
-5.9502,3.4638,-3.9642,-59.389,-9.5482,9.3847,-51.326
-7.204,-7.5529,-0.66472,-31.745,-24.239,29.14,-2.1273
6.5074,-7.6655,2.0737,17.89,-15.909,76.798,-14.594
2.2651,-4.1262,4.6832,-83.009,83.765,80.668,-53.088
-5.0092,9.7056,2.5512,-66.143,15.816,55.653,-83.282
-9.9628,1.5184,-2.5305,10.253,1.6698,-0.030244,-60.798
9.1269,-1.1717,4.4712,-48.599,-16.267,60.299,-33.745
2.2451,6.6759,-4.9871,-25.126,21.803,-1.7542,-114.28
-5.8604,6.5872,-1.5876,-37.748,60.402,39.627,-56.851
6.1661,-8.3601,-4.8598,-28.448,26.21,-25.755,-15.714
1.4153,-9.1114,-0.77884,-63.939,41.293,8.2495,-30.04
5.7367,7.552,-4.0649,-64.76,-19.652,-13.924,-97.683
-8.9557,2.9935,1.9056,-67.536,51.452,79.396,-21.824
9.3202,6.2924,-2.0361,-39.252,-4.1501,50.258,-121.62
-2.5007,-9.2765,1.3815,-26.142,46.529,-15.822,-69.316
-9.94,-1.9529,-3.9858,-27.094,-25.047,19.375,-42.93
2.9772,-3.8906,-3.0659,-38.753,69.846,16.045,-43.205
-6.7664,-4.475,0.94159,-57.988,3.0292,41.927,-0.74904
8.1259,-8.3176,3.6776,-89.362,2.2111,-15.757,-46.382
8.6898,-3.0751,-4.6478,-83.119,-22.056,46.873,-119.02
6.9933,-2.2632,4.3212,-30.325,51.934,48.246,-67.427
2.311,8.3383,-4.7951,-28.359,47.717,52.897,-113.19
-7.5545,1.1508,0.73384,-51.8,-7.2821,15.035,-99.51
3.2205,-2.8772,1.0302,-86.696,4.7022,87.483,-100.19
-3.9589,-5.5213,4.5608,-38.357,83.997,10.069,-18.851
-3.6909,2.7712,-1.8239,-82.785,36.862,38.574,-82.751
-7.5501,-0.2389,2.4668,-8.1355,7.7723,-11.906,-25.152
-8.6551,7.1419,-3.9868,4.1362,32.116,0.51465,-126.35
-0.81349,-6.2267,-0.081095,-19.927,79.316,40.584,-124.05
-5.717,-7.6011,-1.7396,-37.66,59.111,-19.347,-24.391
-8.6005,5.4379,-1.1509,-46.712,26.577,-15.395,-19.865
9.8885,-8.6139,3.5056,-49.161,80.945,61.094,-84.345
6.1364,8.2135,1.9702,-5.8819,23.99,67.586,-47.767
-5.669,-5.2783,1.9223,-77.82,62.203,-21.343,-32.496
-5.8308,-3.6559,-3.6543,-73.189,71.291,43.544,-81.092
9.3791,-3.8472,1.4647,3.8753,65.305,-24.368,-82.994
-0.62557,1.7463,-0.69421,-33.921,64.946,-6.3729,-123.84
5.3742,-7.944,2.8701,-46.23,21.619,16.121,-113.44
-3.9779,4.4686,0.084306,-24.42,69.758,16.454,-66.45
-6.0313,-0.80131,0.67904,9.6279,30.08,12.921,-21.901
8.8007,9.04,2.5918,-23.548,24.659,6.362,-11.002
2.2806,-6.419,-1.2134,-10.377,27.018,39.321,-95.039
9.9892,-4.6072,0.50547,-3.1993,30.324,74.634,-72.116
-7.5134,7.7114,1.4286,-30.439,74.204,-11.98,-124.79
-8.3638,-5.6864,-3.4279,-39.617,65.867,4.0814,-66.661
9.9661,-6.5076,-0.26445,10.225,-18.639,20.383,-112.18
5.01,2.2766,-1.4111,-70.394,74.738,-10.413,-101.05
-7.1454,-0.54693,1.5151,-6.4469,-3.1782,89.735,-88.078
-1.8033,6.3903,-1.8645,-0.48317,71.203,-10.225,-90.04
-1.3855,-8.5249,4.1537,-42.482,-24.263,-14.393,-91.271
-1.6168,-8.6901,-1.2146,-60.42,-13.451,12.247,-16.001
0.62103,7.5191,-0.10847,-78.041,25.813,-9.0731,-93.378
-2.3441,7.2248,-4.5847,-43.366,27.437,89.741,-30.563
8.3237,6.7679,-1.1427,-51.979,6.9772,-15.043,-6.4663
-7.8977,6.0704,3.2332,7.4172,-14.71,88.684,-80.345
-2.3727,0.071391,-4.8356,-37.754,-24.771,-12.307,-22.039
-8.0912,-7.5567,0.90362,-43.177,-20.151,76.057,-55.083
5.5294,2.2134,-4.6164,-80.15,-4.0833,0.28413,-13.235
-0.93019,2.0171,-4.3753,-86.332,51.279,60.041,-21.644
8.4827,-1.8834,4.2911,-79.276,54.569,50.447,-31.598
7.4686,-7.693,-3.5808,-49.981,-19.786,-2.1194,-87.831
7.7684,-3.739,-4.6842,-49.507,7.5793,56.633,-60.939
-6.6824,0.61575,-1.7311,-56.932,37.053,35.171,-89.683
3.4979,-1.8167,-0.5238,12.772,-0.61467,69.632,-84.471
4.4782,4.4663,4.0686,-85.455,31.912,-27.587,-58.216
5.6752,3.6388,1.0116,-42.183,-18.63,19.138,-1.5456
7.4069,-8.0111,2.0869,-1.241,-12.509,35.83,-123.7
2.2971,5.6638,3.5976,-32.649,74.723,77.027,-129.34
-3.8821,-7.2818,0.92976,-89.403,15.706,13.799,-27.085
9.188,2.7798,4.3165,-46.321,1.9009,-11.682,-38.347
-9.4966,-0.3613,-2.0257,13.857,-20.164,-25.393,-89.084
6.6033,5.6217,2.7849,2.0272,79.676,51.955,-72.93
3.8595,-0.60111,2.6466,-21.044,84.129,25.832,-27.667
2.1514,-6.0299,-3.1869,-4.6049,14.429,9.7341,-84.464
2.9869,0.45208,2.8667,-26.966,-19.525,-29.467,-104.65
-2.5948,9.3955,4.2629,1.3658,27.697,35.73,-121.31
2.6754,-9.5721,2.6297,-38.647,-15.641,87.221,-108.62
-1.8309,1.914,4.5113,-70.587,-27.672,15.953,-115.11
7.8661,1.4313,-3.439,-8.7208,-4.818,29.285,-102.69
6.7195,5.8871,-3.1078,-60.183,21.28,38.569,-111.99
-0.39418,-7.4851,0.58625,-61.493,68.276,-26.63,-46.888
-6.6527,-9.2591,3.4214,-33.786,14.437,-2.8373,-19.914
-8.0747,5.0014,4.7112,-74.05,2.0453,-5.9343,-80.095
-2.3153,9.9891,-1.0687,-87.429,68.894,65.629,-26.257
1.6333,-8.062,-0.38118,8.475,0.24354,-15.464,-93.914
-8.5569,3.9493,1.8974,-1.0635,-13.75,71.812,-98.919
-7.502,4.3281,4.5514,-88.64,70.2,83.558,-60.834
-7.5171,-9.9833,4.6955,-47.529,61.107,-3.6974,-128.12
-9.4382,3.395,4.7906,8.3621,-28.613,88.88,-121.57
-3.3033,-1.9456,-0.85784,-36.621,18.071,26.645,-87.712
6.4794,9.0903,4.8116,-27,-23.547,75.119,-48.38
9.5647,8.9263,0.11576,9.1001,34.172,-23.014,-109.06
-8.4288,-3.453,0.66236,-8.5231,-9.5377,-27.849,-86.922
1.7921,-2.2135,-4.2845,-7.7583,78.979,13.959,-101.8
-1.2659,3.0545,4.914,-11.452,33.664,86.236,-6.598
3.7099,2.655,-4.9909,14.33,-10.205,35.881,-27.313
-4.5196,1.3239,4.5856,-72.375,61.514,26.144,-100.53
-9.6343,6.4967,4.1953,-4.7965,46.64,46.077,-17.208
4.3798,-4.3444,0.88434,-3.7473,55.677,42.056,-84.239
8.0116,2.1319,-3.5055,-71.158,53.354,21.461,-100.21
-6.6769,7.6493,3.2466,-55.537,48.148,-14.518,-83.535
6.9154,-4.3368,-2.2681,9.5746,35.815,-22.299,-37.193
9.7542,-5.7059,-3.0358,-88.106,79.432,-4.178,-124.52
4.925,2.2635,-0.48079,9.4971,76.393,-20.491,-90.116
6.4855,-2.6444,-3.6269,11.198,30.565,68.739,-36.722
3.4199,-3.6117,-1.1753,-42.35,-4.5421,9.238,-120.7
-3.7948,-4.4449,-1.4785,-60.763,83.807,75.6,-26.263
-3.054,4.0411,-1.6478,-83.1,65.407,84.106,-110.12
-5.7027,4.8716,2.2755,4.2423,46.78,-23.291,-31.836
2.7303,7.9838,-0.6455,-41.818,-19.437,12.346,-42.009
-3.236,-2.9759,1.0287,19.072,74.985,-12.959,-96.141
6.8027,-5.3315,3.9025,-69.851,6.8735,-2.8203,-68.34
-4.3769,-0.87859,-1.8051,-8.9067,14.635,-5.9836,-42.204
3.6688,0.88221,1.8929,-29.538,14.37,-28.702,-91.357
6.6831,1.1791,-2.1876,-54.677,52.461,82.998,-106.67
-6.8093,-7.0508,1.0441,-58.219,-8.5637,-8.7903,-23.253
-6.6093,7.6038,3.3143,-52.838,-3.4099,-23.07,-5.5683
5.7688,-1.6979,-3.1318,6.275,53.43,-27.728,-85.651
-6.1399,-6.9899,2.225,-82.339,40.67,43.982,-46.757
-3.0041,-8.9687,0.3321,5.5495,43.423,62.367,-13.605
-5.5058,9.3568,-4.3398,-32.373,-22.117,10.899,-19.656
2.6126,-3.4509,0.74359,-79.647,-10.843,-19.455,-100.51
-2.477,2.6872,-3.9141,-57.034,57.815,13.184,-119.15
-9.4717,1.8083,-2.068,-71.537,21.318,22.111,-44.942
1.7218,4.8183,1.0063,-13.231,-7.082,-0.42391,-119.42
8.9067,-2.0272,4.0608,-11.701,-6.0019,-25.698,-37.682
5.257,9.3758,4.4036,-22.664,68.379,66.763,-77.544
5.5403,-0.57467,-0.4571,-85.422,11.707,52.838,-111.27
-7.8911,-9.5383,-4.649,-22.459,70.667,74.752,-50.665
7.0807,5.8482,3.1722,-46.356,16.251,-7.0944,-52.402
-3.4004,9.4639,2.2973,-32.681,3.1258,-12.347,-120.4
4.8535,-1.6892,-1.9419,-7.118,48.665,51.698,-110.85
-0.77731,7.301,3.1183,-19.565,-4.7592,-21.801,-64.458
7.1046,-8.0736,4.8728,2.6938,26.761,-17.025,-64.023
-5.5135,-7.8598,-0.52901,-44.527,-15.154,51.801,-97.095
2.0774,-2.0943,-4.765,-56.784,-27.643,-14.142,-8.8409
-2.2147,-4.7248,1.479,-67.184,-21.315,50.959,-82.634
-3.6469,5.1955,2.6134,-42.816,-16.933,-13.165,-64.222
-3.8869,-3.611,0.38349,-7.625,68.574,73.766,-50.775
9.7804,7.1945,-0.13872,-6.7347,-24.47,61.446,-80.619
4.7955,-8.8253,2.5648,-20.703,16.419,-12.601,-51.861
-6.2565,-9.7694,2.2543,7.809,25.043,2.5238,-61.102
-3.4891,-3.1061,2.6019,10.887,24.147,67.44,-32.339
-6.7494,-9.7611,-3.9603,16.578,-25.431,31.811,-72.6
0.81677,5.4526,-1.0926,-77.77,66.813,51.551,-36.157
-9.5007,-6.5867,-2.3912,-23.364,-10.308,-24.27,-25.212
-2.6381,3.1331,-4.4875,-59.701,40.213,65.352,-84.052
-3.1838,4.1705,-0.29736,-75.135,80.46,6.4607,-3.9529
4.3345,-3.8877,-0.16684,-59.258,36.258,2.6489,-42.164
-9.6994,-6.2026,-0.49822,-21.254,22.886,51.231,-42.313
-2.2067,-4.4807,3.707,-11.622,-11.477,1.018,-19.531
-7.1808,-2.6618,-2.4448,-18.595,33.32,2.0463,-45.367
0.031829,-6.4486,3.8253,-64.63,19.371,47.636,-32.42
-6.749,-0.93033,-2.7137,-37.061,34.629,48.03,-81.031
9.9128,-3.0701,4.3317,-39.359,-18.432,-8.7563,-13.958
6.285,9.4267,-0.83673,4.172,58.701,59.561,-31.387
7.7541,2.2674,-2.3697,-43.048,33.06,4.1503,-87.781
2.2258,9.8496,1.915,-84.122,17.54,82.883,-81.151
-2.9456,6.1782,4.3627,-58.78,32.199,57.951,-21.538
-3.1874,0.35747,4.427,-20.689,48.865,70.758,-110.58
-5.7598,-5.0697,1.7591,-3.4221,41.237,-7.3759,-54.102
-9.0374,7.5079,2.3193,-61.841,4.1192,-4.7688,-28.59
-3.9263,2.1561,-0.60096,-79.665,23.688,-5.0292,-93.591
-1.1791,5.2388,-2.8523,-64.022,-22.612,73.988,-39.544
-8.3975,-9.0712,-3.8081,-68.061,38.365,4.0723,-114.72
1.8771,-4.9935,-3.0405,-65.524,63.487,-19.739,-70.699
7.6456,1.6946,-2.6604,4.816,31.77,55.825,-61.588
9.3436,-9.626,4.5819,-86.362,41.624,30.966,-109.36
1.2962,-9.7276,-1.1297,-43.102,6.2815,4.4285,-2.6845
-5.4738,6.7855,4.3162,-67.628,61.855,54.279,-63.827
-6.387,-3.642,0.48757,-84.233,76.778,22.361,-54.025
-0.96127,-2.4978,0.54823,8.3109,-27.767,54.877,-43.898
0.35392,-2.7816,-1.2081,-54.88,41.774,-11.94,-21.097
1.9599,4.5862,-4.3673,-29.078,-10.064,65.45,-67.519
0.67279,-4.2603,-1.6603,-82.793,6.8128,-13.916,-54.744
-2.4616,-8.8121,3.0161,4.4438,54.745,28.913,-24.601
-6.6896,4.6507,-4.2721,6.5131,82.619,33.654,-101.9
1.1625,-4.5253,3.8228,-40.827,24.753,6.4069,-33.204
-6.6706,-3.6687,-3.2105,-12.072,-6.515,16.517,-42.836
-9.3611,-5.8156,0.07809,-35.464,31.961,14.218,-30.522
-4.6531,5.2955,-3.6333,-73.597,54.603,33.965,-26.819
8.9826,8.4773,-1.3229,-63.47,22.733,2.3704,-87.971
-4.7993,7.3959,-0.98722,-32.22,13.019,48.184,-128.5
0.48011,-1.1584,4.8479,-74.396,72.535,1.9978,-59.719
9.5985,-1.9933,-1.3363,-88.209,60.141,71.087,-1.4116
3.6636,-9.2064,-3.5977,-79.434,11.836,-28.818,-48.397
-4.7089,-7.6557,-2.4214,-40.871,55.468,36.784,-5.5364
7.5641,-1.018,4.6645,-42.401,83.017,58.717,-129
4.0675,3.983,-1.4962,-77.537,-18.52,40.511,-63.606
4.7467,8.0014,-4.806,-6.1619,-26.83,3.057,-84.302
8.1041,5.5652,-1.4075,-14.55,52.409,69.726,-20.539
-2.9364,6.2695,0.96,-41.304,62.88,-1.517,-115.53
7.0155,-2.7294,-1.1737,-62.33,25.502,-25.007,-23.263
-8.0642,-1.1944,-2.0578,15.639,19.483,26.303,-54.639
7.8825,-2.428,1.2654,8.6521,7.8919,38.3,-21.809
-0.87442,-0.082278,3.7035,-51.539,83.928,1.9525,-102.68
-2.7709,1.6942,-3.3908,10.257,9.6024,50.977,-3.9253
-3.4836,6.5331,0.35649,11.849,-18.771,-2.4319,-126.16
-1.5668,4.3798,0.61515,-67.628,63.09,-3.9386,-28.104
8.2067,-4.4042,4.4581,-53.416,33.645,10.233,-10.306
0.17021,1.2472,-3.2398,-72.037,-17.935,40.401,-117.89
-9.8345,-9.1858,4.0959,-4.163,46.479,-18.169,-63.153
-2.7918,3.4182,-4.2243,-79.721,3.8917,17.888,-31.306
-9.0322,3.6487,2.0128,-34.356,49.262,8.7006,-83.584
3.1134,-6.0813,3.1141,-31.977,-9.1792,35.117,-86.842
-6.8993,-3.636,4.4471,-35.547,-29.108,-7.87,-23.591
-6.2928,5.348,0.44348,-23.907,11.96,-15.447,-106.28
6.8556,2.9904,-3.4292,-60.201,-8.5821,78.316,-122.05
6.6004,-6.0499,-0.39951,-52.822,63.458,72.941,-129.65
-8.4069,4.396,-2.6546,-50.698,-16.721,27.773,-100.39
3.9928,-3.5696,-1.7463,-22.723,26.512,36.374,-84.532
6.9115,-4.7546,0.84765,-64.057,67.644,47.022,-83.58
-3.2959,-8.138,-4.9849,-75.046,5.4398,7.7102,-94.884
-4.5179,-7.7681,0.11155,7.361,-20.608,57.659,-14.659
-2.1079,-6.6387,-2.6297,-27.73,39.638,-15.014,-17.57
2.0018,-8.2394,0.21173,-70.51,-11.587,-0.98403,-73.238
-1.754,7.2012,-1.3536,-89.3,55.774,37.33,-19.363
8.4717,9.7582,2.5704,-6.2439,-27.733,28.913,-43.606
-2.6058,-6.8255,-4.9165,-27.939,-21.703,41.571,-105.21
4.4992,-3.5631,2.7216,-53.499,4.5875,79.438,-10.81
4.4479,6.5246,-1.6595,-43.006,39.773,82.595,-10.852
7.501,2.4978,-1.9737,-59.179,58.193,20.103,-115.33
-5.5159,-5.948,0.66806,-58.129,22.203,76.105,-61.612
-9.1392,-4.5164,1.3707,-82.856,28.371,2.1571,-37.879
-5.2673,9.602,-1.0724,-87.441,68.568,-27.683,-52.351
0.089943,-9.6627,4.2504,-57.128,68.206,25.313,-79.486
9.9236,-4.2328,-0.84078,-39.534,30.943,72.144,-46.92
-1.4959,-6.3988,1.0251,-52.588,-14.058,89.147,-49.316
-5.3902,-2.9197,-0.1985,4.3114,76.762,55.739,-91.08
6.759,0.58128,2.2956,-44.831,68.609,-23.073,-109.5
1.3807,-4.8667,-3.6598,-27.606,-5.5739,-20.26,-16.155
-2.4487,4.3679,2.927,-32.448,43.535,71.215,-94.735
7.988,-3.3781,-0.024857,-46.552,8.4066,-24.482,-40.264
-3.5509,-6.2396,3.771,-85.942,4.8022,85.009,-39.433
2.1648,4.7254,-2.6984,17.981,56.593,73.957,-78.557
2.0546,3.2723,3.6671,2.6006,51.862,42.527,-95.015
1.804,-0.67843,-2.3109,-66.734,18.699,32.567,-27.814
-1.8364,-3.5829,1.5439,-78.034,38.169,-16.782,-113.8
1.4916,4.0347,-4.5651,0.36494,34.288,-12.663,-66.065
-6.5789,5.4363,-4.3821,-59.7,45.061,68.41,-98.178
-2.3093,-4.3321,-3.6953,-28.567,-11.257,49.711,-71.269
-8.2502,-1.3259,-3.3889,-0.51009,21.748,11.559,-49.284
-4.4931,8.5214,2.0142,5.0567,7.4037,21.305,-30.838
7.7631,-6.0644,1.3147,-60.567,13.824,-13.669,-128.25
-5.1747,7.0776,0.22307,-11.772,28.209,-27.87,-54.3
-0.97791,-0.078187,0.97333,3.9951,69.973,-0.11159,-113.17
7.7935,5.7705,2.0511,-49.879,31.465,23.564,-41.225
-7.6519,-0.030707,4.2123,-10.462,44.939,70.049,-4.0956
3.1297,-0.89789,2.5368,3.6559,49.027,-13.757,-120.85
4.8691,9.5603,2.3101,-87.752,-7.8183,16.989,-112.57
-8.2459,-5.4156,4.8873,8.4049,14.03,38.062,-113.97
7.6134,-6.336,-4.2704,-47.747,62.501,-14.706,-118.12
2.3849,-6.84,-2.7091,5.6987,-8.4691,-11.365,-115.27
-7.1859,4.6179,-2.4935,-87.608,38.5,33.85,-32.042
3.6897,-1.8331,2.1475,-19.749,61.02,82.995,-16.202
-8.8827,-0.23812,1.2062,-59.409,-2.7619,62.844,-66.843
-7.7021,3.0991,3.5279,-30.905,46.532,-28.627,-59.926
9.7403,-5.4942,1.5487,-40.464,73.375,30.451,-43.417
-5.2508,-3.0898,1.0378,-88.157,70.41,74.868,-7.6727
4.1819,-0.51902,-3.1696,-61.933,35.5,-28.43,-14.857
-6.4287,3.7657,1.8526,-48.927,74.376,76.445,-65.734
-9.1279,-2.1371,2.8669,-36.957,68.976,-14.923,-111.12
-1.7998,-0.54147,4.7396,-33.811,50.862,5.86,-83.264
1.5963,7.0184,4.9735,2.5637,68.553,-18.686,-106.95
7.3951,1.4607,0.95818,-77.726,10.945,32.692,-89.919
-5.0752,5.3214,-4.3878,-60.654,-3.1892,25.304,-83.033
-9.7438,3.5885,4.5419,12.992,60.64,-11.476,-59.543
-1.8332,9.0913,-0.22295,13.204,2.9583,10.065,-53.469
5.2537,0.53878,-2.2123,-44.511,82.876,14.499,-54.127
-3.5299,-3.3343,-4.9167,-46.168,19.811,28.498,-98.625
-3.4779,5.6637,-2.0882,11.795,-23.957,35.444,-28.624
3.6771,9.1083,-2.1721,14.027,59.586,81.395,-92.848
-2.3595,5.3474,-4.4118,-15.553,4.3563,46.806,-7.5044
6.5514,9.7143,2.081,17.857,-23.882,20.229,-18.855
-8.5797,1.5898,0.038121,-31.953,81.285,21.376,-106.61
5.9415,0.83475,-4.0757,10.857,43.938,65.085,-120.79
-3.2355,1.6519,0.38774,-7.8627,31.203,13.391,-61.131
-4.1895,5.6531,-1.7614,-66.177,61,34.449,-55.049
0.004022,1.2658,-1.6119,-51.964,36.197,30.758,-124.7
3.5199,-4.6446,-4.4615,-15.247,-0.02133,51.755,-83.263
-2.6152,-6.2586,2.5159,-11.468,63.578,87.531,-97.582
-6.1181,-0.96654,-3.4358,-87.165,24.883,33.882,-124.66
-9.7223,-9.9877,-1.6762,-38.155,-17.398,2.732,-32.517
-5.0956,3.9018,-0.61148,17.606,77.234,77.608,-113.28
0.76329,-3.0454,-4.2239,-87.158,7.9596,66.064,-43.541
4.7105,4.0757,3.2494,-14.618,13.458,-11.764,-1.0027
1.3561,-1.7666,-0.78736,-81.835,-27.387,34.762,-114.51
-8.8981,-2.9727,-4.9762,-7.6738,29.631,68.403,-5.079
8.9939,-0.52882,-3.1454,-27.802,64.229,75.63,-49.065
-3.1031,-5.9172,4.7559,17.94,3.3353,42.075,-122.52
-7.5549,3.2279,2.1406,-7.1019,-6.542,36.404,-101.57
0.62602,-8.0305,4.6615,-77.656,54.086,43.141,-110.98
0.98408,0.88198,-2.9073,-88.375,-0.11638,51.301,-128.18
6.6671,-7.0865,0.44655,-12.077,-11.806,-6.9478,-116.23
3.146,-7.5066,1.8315,-50.3,84.415,70.155,-107.76
-9.4232,-1.5745,-1.5241,-69.752,71.642,-17.422,-110.2
-8.1207,0.74516,4.9824,-37.851,26.255,-25.732,-120.21
-6.5611,-1.9565,-0.73971,-29.822,24.23,29.029,-127.67
1.7999,3.4588,-2.7037,-58.639,34.588,75.715,-35.072
-0.30169,9.9568,-3.7303,-15.716,29.583,1.0606,-121.03
3.4211,0.61172,3.0497,-38.343,38.306,6.972,-74.951
8.0645,5.6055,-0.32427,-10.878,41.868,50.74,-35.974
0.6598,-3.0357,-2.2897,-46.049,7.3811,37.885,-57.886
5.0244,-2.9548,3.6443,-65.287,40.896,57.206,-3.7533
-1.0671,7.0197,-4.4347,7.5877,23.644,15.327,-55.086
-9.2201,1.5535,-2.4479,-27.616,-11.477,83.495,-43.897
-7.9273,-5.7944,-1.1794,-58.289,0.23301,42.259,-109.41
-1.456,2.293,4.3435,-68.032,-29.692,4.3465,-45.812
-4.8433,-3.4192,1.073,-51.952,51.158,-5.3942,-97.438
9.2737,0.46014,0.52156,-14.156,51.25,23.14,-3.5014
1.2111,-6.7131,1.2162,-74.03,-20.878,80.533,-95.151
-8.0029,-4.4845,-0.18994,-3.2337,-23.699,-17.016,-113.33
9.8613,6.7361,-2.4344,-73.523,14.27,7.9718,-31.968
7.192,-3.5944,1.3666,-14.91,73.226,-17.267,-80.625
-4.8929,-3.7215,-0.49581,-78.63,18.713,63.892,-22.004
-0.88655,-5.0791,-0.47936,-65.414,83.84,15.145,-38.038
-5.5955,-6.549,0.2663,-83.303,-26.35,89.032,-114.88
-3.9544,-7.3167,-4.7998,4.8744,59.51,0.4845,-125.5
2.6755,-8.3746,-4.5811,-13.975,57.888,-23.072,-44.802
-3.8552,-1.5269,-3.9205,-75.46,72.049,-16.571,-95.519
-5.2239,-9.117,3.3743,-75.819,-23.32,-2.4568,-73.686
-8.7887,-9.9546,0.36851,-58.584,26.194,86.03,-26.462
-7.3316,-8.8343,-1.3996,-78.751,-18.535,69.942,-77.511
-2.9408,9.6847,0.61058,-79.977,10.622,-7.763,-117.36
9.3926,7.4435,-1.6533,-48.373,56.542,8.3044,-102.36
0.19309,1.5286,-3.3832,-66.497,79.103,-2.3809,-51.866
9.6039,-8.277,-0.047682,-22.265,-18.791,59.714,-21.937
8.5238,-3.8843,3.5499,-51.137,53.345,27.964,-80.098
1.2649,-1.3393,-4.7822,-74.277,-3.8523,-27.655,-22.546
9.3421,6.7479,-0.3023,-0.97667,25.272,51.72,-72.423
9.5343,8.0694,4.515,-41.441,29.856,38.48,-97.742
8.9237,-5.3747,-1.3462,6.7959,42.662,72.919,-32.864
-9.1966,-9.8905,3.9183,-50.147,-15.43,79.593,-54.974
7.2941,3.3549,-4.8822,-31.866,65.888,20.268,-96.395
-4.1221,2.7628,-4.7965,-1.5919,-28.407,53.834,-108.87
4.2813,1.3708,-0.24742,-35.043,79.78,51.656,-118.77
2.7898,-0.8989,3.4616,-30.407,12.362,-14.544,-89.769
1.5837,3.5197,-3.4095,-28.416,-7.7681,-17.706,-111.67
6.6597,-8.0076,-1.1915,-80.544,33.847,44.15,-47.467
2.0904,8.2568,3.846,-73.436,69.378,82.607,-81.552
-8.3938,-7.5997,4.4065,-82.894,-16.995,-0.88102,-81.845
-9.5026,6.9109,4.4815,-56.991,77.687,-29.902,-18.294
-3.7798,-2.2465,0.98528,-59.926,46.999,69.279,-111.52
-1.753,-7.4958,-2.0072,-71.967,3.2489,14.222,-40.407
9.6819,0.37585,-0.42999,-49.095,27.872,-17.886,-42.658
5.2464,9.84,-2.8873,-35.066,-14.679,-21.701,-96.129
-9.6182,3.478,1.5956,6.3088,18.413,-19.305,-30.761
-6.9365,-6.1795,-3.3668,-50.421,-13.209,-4.2817,-80.625
9.1965,-5.4017,-0.19118,4.1634,82.409,85.394,-118.26
1.6504,1.9701,3.3376,11.922,67.691,8.2935,-5.0244
8.423,9.4315,-3.4572,11.623,61.117,74.338,-109.91
8.6204,-0.69695,-3.0961,19.744,80.493,80.339,-52.197
-9.7447,5.508,2.2063,9.8092,45.733,76.185,-91.062
8.0393,0.97459,-0.76075,-2.1467,-19.269,81.362,-71.725
8.1474,-9.1152,-2.9049,-38.949,32.678,13.655,-43.321
-5.2025,2.0927,0.78246,-28.273,-9.1613,88.301,-100.29
1.1012,4.4474,-1.3888,-50.772,-23.8,53.711,-67.189
8.8477,-6.0345,-1.4289,-77.078,-17.106,26.259,-15.97
-6.4776,-7.2164,2.6865,-7.4382,7.527,7.8802,-114.92
7.3701,-7.5702,-1.9442,5.5689,3.3853,36.044,-59.271
-6.9059,9.2669,-3.9385,-79.493,-6.2729,64.419,-25.541
-8.1682,3.7805,-2.0203,-63.574,13.301,75.718,-50.68
8.0731,-3.0122,-1.1571,5.4977,61.73,-26.104,-76.783
6.2394,-6.3735,-1.9678,-68.574,57.166,-0.91474,-79.357
-1.6545,-5.1107,4.941,-17.682,-2.0244,6.4589,-68.03
1.9573,-0.54828,-3.2663,-39.7,59.677,3.0384,-48.494
-9.2155,6.869,2.2817,-51.089,42.138,-22.085,-121.15
7.5298,5.8195,4.2608,-15.819,9.653,84.675,-58.703
1.0036,7.7985,0.70631,-42.965,55.117,85.143,-8.0462
-5.6903,-6.2119,-0.23955,0.2089,71.691,20.822,-96.911
1.6304,-1.1991,1.4388,-27.913,42.248,15.438,-94.09
8.9489,4.3773,-1.404,-27.198,67.768,30.302,-12.752
-7.8348,4.1479,2.6991,12.376,75.357,-24.589,-25.756
2.8623,-6.1986,-0.65779,9.7458,78.174,66.01,-121.9
-7.8559,-2.61,-3.1479,-63.646,-27.296,57.227,-60.817
-9.753,6.5843,4.7744,-38.027,-24.871,-16.441,-18.296
-4.8316,4.0951,0.57944,-33.822,41.663,86.502,-31.389
1.8829,6.5194,-0.82748,-79.241,5.7959,13.996,-42.209
-5.5168,-2.3833,2.8223,-56.627,-5.849,38.702,-43.113
2.5827,2.3545,4.5637,-62.074,40.212,70.745,-63.872
-2.1069,-3.2935,0.26046,-44.171,47.99,83.345,-79.542
7.6485,5.5104,-2.5766,-7.1356,-4.751,18.798,-41.246
-9.813,4.5751,-2.2462,-45.971,-27.447,33.837,-29.889
4.8263,0.9788,4.917,-18.554,75.495,34.334,-24.491
-5.5931,4.0105,0.98132,-84.249,32.447,-7.0725,-29.032
-7.1434,4.4606,-1.2216,-36.625,18.998,-6.4728,-80.055
-5.3853,0.70505,-2.9171,17.463,39.564,50.75,-69.064
2.1786,-2.0642,-4.1905,-61.16,20.915,39.647,-34.644
-6.3994,-1.1152,-0.29929,-82.093,54.557,13.58,-27.614
-1.2849,-5.5689,3.5127,-44.863,21.083,64.879,-56.125
6.1614,-8.3347,0.83428,-57.242,-15.558,86.665,-99.058
8.3094,-4.9181,3.4141,-15.318,68.593,-13.858,-56.975
6.5409,3.9395,-2.5156,-6.9712,35.172,56.789,-82.719
4.8515,5.6588,-4.2776,-89.304,-20.312,0.69691,-11.006
-8.5181,-0.7192,2.7434,-77.965,-24.703,57.487,-9.7634
8.8827,0.49088,0.40199,-45.532,16.861,23.529,-5.5287
-3.7429,-7.9838,-2.6661,-20.384,55.889,48.977,-41.244
-8.7368,9.3202,4.1862,-85.238,14.567,21.623,-108.66
4.6344,-6.1984,2.9084,-73.302,-26.653,47.146,-63.106
-1.6276,-6.926,-0.50313,-20.045,17.029,87.594,-129.07
9.6617,7.5261,2.6571,-0.4743,24.503,37.042,-7.6394
0.46098,-8.6376,4.0516,-50.976,-3.9956,21.463,-101.39
3.5567,-1.4918,-3.1758,2.1418,-8.203,-27.549,-60.592
-1.8261,8.0038,1.9669,-33.969,47.935,69.28,-110.88
-2.0063,3.6508,0.56576,-32.702,55.097,6.8991,-105.96
-7.1117,-1.7041,-1.5616,-68.189,51.385,-15.952,-68.498
-4.0153,-9.8193,-4.7548,-47.348,-7.5586,52.215,-113.5
-4.3848,3.911,-4.2009,-4.713,28.981,11.177,-108.92
-1.6601,9.9975,-1.4712,-89.863,35.739,13.672,-81.526
0.25473,-9.1183,0.91422,-81.525,84.848,31.343,-25.821
7.8464,-0.039226,-0.95608,-86.391,43.268,76.274,-115.63
-7.6838,-8.2594,-4.0758,-49.115,16.56,23.651,-86.507
-1.1577,-9.4329,2.8496,-22.98,31.928,9.1497,-91.862
8.3253,7.5356,1.4608,-80.057,-16.954,85.979,-4.8658
-7.0899,8.5127,2.809,-43.635,63.03,63.525,-94.279
8.6242,-0.87205,2.0406,-43.697,-6.7186,48.862,-95.772
-9.9307,6.5566,-1.6701,-57.492,39.915,81.441,-15.395
4.5088,-4.4514,3.9239,-40.404,68.404,22.047,-109.06
0.36429,-7.59,-1.0883,-70.975,74.159,57.653,-21.174
-7.1959,-8.6704,1.7366,-82.811,28.731,25.693,-61.017
-5.8337,-0.76034,-3.7626,-25.14,63.932,0.47109,-54.298
6.6932,5.5721,-3.9244,10.164,69.375,24.976,-119.72
2.6539,5.1826,-2.4701,-22.021,56.263,80.441,-59.919
9.9131,0.84454,-1.3701,-50.774,-15.346,-4.0959,-0.80135
-4.5445,5.3624,-3.3761,15.387,55.196,45.845,-32.404
-1.4334,-8.618,4.3494,-27.638,60.362,44.042,-45.134
0.24068,-7.9314,4.5092,-68.299,5.4434,-25.691,-48.561
0.24555,-9.8314,-0.51714,-14.347,32.549,-24.461,-85.85
-8.1176,-2.2333,1.4464,-66.76,-7.3376,77.524,-84.328
1.1069,3.992,4.5369,7.2811,9.6587,28.851,-100.66
4.5144,-7.7994,-4.9731,-48.943,-23.964,-14.251,-117.61
1.3326,5.9455,-4.8154,-85.151,44.792,14.586,-11.494
9.819,0.28026,4.7897,-43.721,79.181,30.985,-2.5129
-4.8479,-3.6482,-1.2861,-16.637,41.101,-8.1607,-90.56
-0.56566,6.6356,4.9289,6.126,68.465,82.715,-65.342
-9.0919,1.6151,-2.4478,-56.486,29.916,47.049,-20.71
-5.7209,-9.8935,3.231,6.7814,-6.3656,8.0759,-123.32
-6.1221,-3.9299,-2.9221,-11.222,8.5557,-1.5054,-60.005
-3.8911,-4.1077,-3.5262,-22.499,69.644,39.073,-30.136
6.0727,2.3765,-3.5413,-36.465,82.621,88.429,-70.061
-8.8757,9.9829,-1.2062,-1.4147,52.136,-4.144,-17.656
-0.32398,6.6911,2.1609,-51.855,63.296,42.853,-124.67
2.2163,6.4777,-2.1029,15.441,32.667,24.564,-3.0123
-4.5499,5.2721,-1.1459,13.887,66.914,28.054,-88.769
-7.8906,5.7888,2.3004,-46.981,17.058,-11.907,-110.22
-4.9363,5.8051,3.8648,-11.677,63.563,5.038,-31.788
-4.7808,-8.1896,1.9661,-54.573,66.514,45.364,-123.08
-9.05,8.942,0.42699,-8.1292,32.731,33.929,-124.77
-9.8941,7.5301,0.48356,-66.378,53.46,19.9,-61.899
-5.0499,0.16176,4.3393,-4.7748,9.0072,37.227,-21.329
5.3678,6.5873,-3.3169,-73.001,5.9528,32.162,-12.45
-3.3369,6.0669,-0.69823,-9.5032,64.816,45.429,-20.849
-3.0386,-1.9882,3.6738,-44.321,50.531,-21.447,-127.51
6.5887,-7.6303,-1.6439,-50.269,30.821,61.776,-60.109
6.7102,-8.6778,1.9166,-32.828,-28.305,31.373,-15.844
-1.0943,9.0659,-0.78411,-77.621,31.738,62.202,-4.3348
-8.8294,5.7297,-1.1836,-3.4972,12.141,-28.326,-53.551
3.5841,7.7942,2.6813,-74.066,47.717,36.955,-18.741
-5.9771,-8.7828,-1.7975,-72.604,-1.9681,45.316,-76.385
0.92327,1.5434,4.8563,-11.561,-23.736,77.906,-66.999
-3.1457,0.68353,-1.0346,-63.95,-2.8,10.012,-60.159
-9.6008,-1.4734,-4.1655,-42.448,31.636,-18.146,-98.192
3.6202,-6.6442,1.7949,-41.901,-14.442,74.483,-4.9992
-8.7577,-0.1435,-2.9399,-2.728,48.484,85.669,-111.41
7.7933,-1.9073,-1.3571,-65.568,51.59,34.53,-119.49
-9.4497,-7.238,3.713,17.059,23.383,46.494,-73.599
8.3723,-2.0342,4.0285,-66.073,49.868,21.488,-109.87
8.8795,-7.7063,-3.9315,-81.175,32.619,57.002,-90.783
6.3125,-8.4072,4.767,12.718,24.76,-15.579,-96.771
0.62951,-7.6436,-4.7413,3.0021,59.746,48.159,-9.6686
-1.6626,-1.1688,-3.4947,-78.308,21.615,68.304,-58.934
7.5099,9.1652,-1.039,-20.496,-10.366,-11.658,-43.507
-8.243,5.6485,-3.313,-31.586,-7.7174,64.685,-18.005
-7.3521,-9.8764,-2.9626,-42.478,38.601,29.499,-61.51
0.71961,-4.4552,-4.2908,18.635,-9.289,38.909,-41.727
2.7848,8.7557,1.4002,-11.759,51.174,57.948,-107.93
-7.7714,-8.7232,-2.786,-6.7651,27.776,41.299,-16.367
0.066051,2.9749,-0.25738,-41.28,55.304,4.9276,-12.981
-3.6704,8.1635,-4.8302,12.698,18.833,46.764,-120.3
-3.4468,-0.61834,-4.3694,2.4477,-21.25,70.874,-122.82
3.1603,7.998,-4.1825,-24.928,34.191,17.707,-30.385
8.391,-0.56391,3.9909,-23.557,80.538,-6.9432,-83.187
-0.97665,-0.073846,1.0735,-30.61,60.303,-25.242,-125.04
0.55233,3.5353,1.7506,-80.592,-26.319,31.369,-82.363
-8.9545,1.3026,4.4994,-19.803,-26.905,19.63,-103.01
6.3643,7.4836,-3.5989,6.5868,-29.09,35.289,-74.706
0.62435,7.8542,-1.807,-4.4495,26.698,16.422,-121.44
-6.1198,2.169,-0.22591,4.9393,72.147,40.522,-125.09
-7.0367,9.9714,-1.2274,-2.3026,71.091,87.638,-93.007
-8.2203,6.9591,-1.0088,-14.06,74.064,51.394,-127.74
1.7032,1.3508,2.6953,8.3166,64.364,24.566,-23.261
5.1014,8.6929,3.238,-89.589,65.836,-20.833,-36.221
5.1071,-0.83803,-3.595,-28.256,88.126,-3.8832,-16.022
0.27609,7.9635,-0.58344,-34.662,76.206,-21.836,-64.294
2.1679,7.4653,-3.3195,-10.623,71.831,8.8882,-38.107
-1.9677,8.3423,-4.7951,-6.4926,42.032,20.193,-11.261
-0.083738,-1.0191,4.3473,-22.672,-25.634,-26.084,-38.629
-2.2133,-8.0875,2.5558,-71.231,-4.5694,14.398,-27.641
-7.1985,-4.9599,-0.74536,-50.375,40.868,49.941,-80.167
-4.1128,9.3164,-1.286,-51.233,13.116,0.4047,-35.356
-2.3865,-5.7972,-3.6351,-55.124,78.321,26.839,-30.282
-6.3943,-8.2814,1.1824,5.0135,6.9678,9.6141,-5.4197
-1.8002,-0.29677,-2.6837,-82.645,57.048,56.098,-25.215
3.9295,5.2508,-4.0318,-36.503,22.363,80.088,-100.62
9.061,1.0569,3.1177,-61.033,19.592,55.207,-5.8102
0.70862,5.8961,-1.2078,11.3,20.654,0.44973,-79.765
0.29431,-6.6512,3.1848,4.0833,-11.845,-21.081,-71.996
-4.1808,4.3585,-2.0666,-32.404,-14.985,1.371,-123.04
-4.0375,3.0347,0.144,17.945,-29.217,4.0619,-59.07
3.4845,6.4114,-4.989,-65.001,-17.862,78.855,-94.866
0.32222,6.3745,-1.9541,-56.543,70.136,11.812,-32.09
-8.25,-6.9929,-2.1125,-89.283,-29.747,-16.443,-97.736
-9.9569,1.8099,3.8329,2.5624,70.888,35.049,-23.49
6.8039,-0.23621,-1.217,7.0093,34.719,28.921,-100.31
-6.5256,-7.2718,-3.6751,-28.796,21.434,-26.394,-55.66
-1.7104,3.0577,-2.8022,14.878,29.927,50.453,-52.991
5.3383,8.2817,-0.77412,-28.643,50.329,71.555,-125.46
-4.3589,7.9409,3.1836,-38.409,58.158,47.483,-109.79
3.7975,-9.3939,-3.8186,-88.482,15.267,32.218,-14.727
-9.4888,-2.4976,-4.9743,-66.906,78.255,2.7412,-2.8045
-2.5593,2.9775,0.33974,-17.781,59.822,-8.2996,-108.71
-1.6521,3.5058,-3.1457,-26.574,54.873,-12.599,-64.815
-5.4083,0.65046,-4.0561,-54.263,-18.526,8.586,-8.2835
6.3363,6.4919,0.72648,-81.22,60.894,-12.339,-23.663
5.2897,-9.29,-2.0567,-23.76,7.0425,23.142,-49.536
8.44,7.1528,1.0561,9.3138,-4.3243,-26.51,-15.994
-3.1714,6.0077,-4.8621,-1.6314,48.631,-18.58,-19.233
-5.7527,-3.0284,-3.1465,-86.91,84.462,69.229,-107.5
-8.0712,7.678,1.2942,-87.935,-2.2202,88.945,-34.347
-6.9623,4.1471,3.8542,-16.672,-16.973,19.022,-13.532
7.5384,-4.7416,4.4242,-24.765,-23.566,27.105,-3.8588
-1.4943,-0.7518,-4.0892,-34.798,22.273,46.832,-74.441
4.7943,8.3801,3.3817,-12.067,40.98,70.287,-62.064
9.7593,6.6978,3.3642,8.1811,-24.287,-24.718,-28.506
-9.0725,-1.2571,-4.7121,-26.579,12.948,47.85,-15.295
7.9702,-1.5486,-3.3415,-74.614,13.213,-17.743,-29.874
-6.7539,-0.69708,-4.3558,-27.695,44.333,-10.814,-66.495
-0.46037,-5.4898,2.9026,-58.984,-29.684,7.4554,-13.43
-8.6008,0.015964,0.24609,16.245,-29.065,8.1238,-74.902
7.4182,-1.3987,2.4665,6.858,21.643,84.547,-82.207
4.31,7.9153,0.05329,8.5305,65.497,-20.22,-24.372
-3.6661,-9.9754,-4.7956,-50.792,74.944,13.024,-115.83
2.8255,8.2502,0.85331,-52.816,-19.23,83.023,-58.949
2.5466,8.6686,4.185,-40.149,49.853,27.024,-82.322
6.9645,0.74133,-3.7711,-27.262,37.445,82.208,-34.225
4.1128,2.3,2.488,4.8802,16.989,45.446,-89.965
-8.4668,-1.7893,-3.9167,-22.463,-25.018,34.204,-1.0576
6.766,-3.2727,0.35081,16.767,23.545,-18.245,-9.8719
-4.1701,8.8401,3.494,-68.585,-6.8236,-0.21388,-106.34
-3.3187,-6.9939,-3.3739,-10.877,-9.0991,5.5691,-116.56
9.3396,5.779,-3.9521,-71.01,-7.8252,25.613,-123.17
-7.8692,1.8784,0.042649,-21.235,-17.965,74.239,-51.617
0.56554,8.4115,-3.7244,-71.164,1.6114,13.629,-16.89
7.3869,-6.1346,-3.0557,5.1934,63.162,-10.108,-5.5006
3.0894,9.521,-2.9359,-83.473,37.565,62.733,-101.31
-2.8083,-1.557,-2.2845,-47.804,46.972,23.33,-58.712
-4.4742,-0.014257,-2.3655,-8.6888,83.592,79.849,-12.525
2.7387,-5.2482,0.13466,-71.108,2.1167,65.473,-123.82
-1.1535,-4.0635,-4.2958,-43.422,58.441,27.831,-62.898
4.6089,0.21592,2.7369,-51.885,-10.926,16.062,-84.265
7.268,-3.8306,0.022815,2.695,-29.277,42.441,-19.22
5.8006,-4.1019,-3.329,-18.467,5.3434,-14.95,-99.313
9.4067,2.2993,4.8701,-3.6382,-0.77073,3.5261,-67.23
-5.8376,-5.4215,4.3842,-30.947,22.781,84.987,-61.279
9.2757,1.9236,-1.9459,-63.738,-11.574,6.3537,-116.19
7.7314,-8.0169,3.7536,-56.241,77.871,-13.927,-61.891
-6.2141,6.9154,4.5069,-73.569,47.2,-9.4275,-24.781
-0.78868,5.4448,4.1713,-58.813,79.602,60.44,-83.394
-0.033685,-5.9301,1.7151,13.702,3.5698,26.346,-101.74
-4.2408,0.63058,-2.0081,-6.0177,33.887,70.314,-87.396
3.0699,-9.5251,-1.5335,-29.16,18.891,73.682,-16.432
-3.4969,-0.85274,0.048281,-77.163,87.514,-13.869,-60.903
-4.7068,-2.8787,-3.8849,-52.255,68.539,70.803,-62.687
-0.1988,-9.0679,3.7435,15.481,4.5277,62.902,-7.4558
-4.633,-7.6162,-4.1426,-18.092,-5.1971,39.73,-65.837
-4.1831,-8.3281,1.7557,-59.575,-6.0043,-20.597,-84.63
4.726,9.3751,0.47926,-78.705,48.557,67.513,-88.741
-6.4144,6.2877,-4.0149,-30.476,-9.6977,31.776,-73.635
3.3327,-4.4957,2.3831,-17.921,-3.2371,74.432,-64.126
-4.0713,4.1685,0.14295,-82.951,54.209,-25.588,-19.902
8.1141,9.1218,1.5261,-58.404,51.586,-25.696,-66.992
-6.9511,-4.1605,3.2029,-74.84,68.992,-2.709,-90.492
4.1823,-7.7695,1.6971,-76.242,84.598,52.436,-111.14
-2.0619,-8.2889,-1.1786,-42.269,-4.7949,16.046,-96.268
-2.665,-5.5031,1.4453,11.875,42.037,8.9911,-11.739
3.0331,-8.3486,4.7231,-42.925,7.0802,32.999,-26.277
-1.8143,8.7835,-1.8467,-76.685,10.801,31.932,-49.356
-0.041541,5.0751,-4.1968,-62.63,80.19,73.71,-64.669
0.85239,-6.0652,-1.9494,-69.264,42.362,81.216,-15.989
-9.8489,-7.8858,-1.4243,11.71,-29.491,-27.491,-58.285
9.5263,-2.4421,3.9246,6.2009,79.79,4.9236,-70.021
-5.416,6.9084,-4.7558,-14.566,72.379,68.328,-0.34689
-9.0134,-0.819,1.2151,-26.278,12.702,57.866,-25.977
5.8356,6.0377,-3.2125,-31.173,13.282,84.164,-126.26
5.7428,1.9862,-4.192,-29.609,14.799,81.121,-86.31
6.65,3.8767,-1.0798,19.74,-23.05,8.5277,-30.445
-3.6419,1.0012,-3.5603,-65.559,-24.996,65.137,-112.9
-6.1221,4.515,1.3535,12.595,25.439,76.194,-127.2
-1.4112,-8.5308,-1.6578,-1.1881,28.448,36.177,-129.66
-9.6392,-4.1989,1.0187,-63.692,-25.608,62.015,-20.664
-3.7294,1.4359,-4.5182,2.0619,4.9719,24.273,-1.5598
-9.7126,8.7108,-4.6889,-71.455,-22.211,51.806,-48.586
1.1842,4.8524,-1.2422,5.4357,26.736,36.845,-71.287
4.8016,8.0166,-0.026066,-32.886,17.084,50.902,-6.4478
7.1433,0.52085,2.8708,-84.797,85.952,-20.713,-42.435
5.1965,-7.7372,2.1483,-54.731,69.925,61.519,-17.296
4.8938,-0.50969,0.55291,-62.727,58.429,-4.1495,-51.398
0.84527,5.439,2.1109,-47.935,47.157,-2.3881,-75.286
8.1404,-7.3281,-1.0584,-47.476,24.659,-18.405,-108.18
-3.5725,-5.194,0.83193,-6.178,47.976,-6.2134,-81.008
-9.4335,8.3813,4.0817,-80.284,11.043,33.075,-81.381
-8.5999,-6.0202,-4.9728,-53.689,82.337,40.868,-11.196
9.0084,-9.7046,-3.2329,-40.591,27.489,12.801,-47.939
9.1723,-3.4655,4.6113,-67.691,3.8092,42.492,-72.002
-5.8202,6.8106,-1.6453,2.1905,-23.234,37.769,-37.075
7.2277,-6.5507,2.1184,-62.492,21.158,13.603,-45.52
-0.84176,-3.9545,4.7779,10.704,2.1326,31.55,-4.1938
2.6011,-7.1485,-0.28832,-49.056,55.949,-3.3144,-4.1961
-0.51374,-3.9814,-1.5628,-24.848,22.406,-21.275,-37.418
