-5.3044,-2.9368,3.2119,-88.306,-24.837,-9.7212,-84.385,20.855,14.775
-5.3044,-2.9368,3.212,-88.305,-24.837,-9.7241,-84.383,20.85,14.776
-5.3044,-2.9367,3.212,-88.304,-24.837,-9.7323,-84.378,20.835,14.778
-5.3045,-2.9368,3.212,-88.303,-24.838,-9.7449,-84.368,20.812,14.779
-5.3045,-2.9372,3.2121,-88.301,-24.838,-9.7617,-84.354,20.781,14.781
-5.3046,-2.9376,3.212,-88.299,-24.838,-9.7826,-84.335,20.744,14.783
-5.3046,-2.938,3.212,-88.297,-24.838,-9.8077,-84.312,20.702,14.784
-5.3047,-2.9382,3.212,-88.295,-24.838,-9.8369,-84.284,20.655,14.786
-5.3048,-2.9382,3.212,-88.292,-24.838,-9.87,-84.25,20.603,14.787
-5.3048,-2.9382,3.2119,-88.29,-24.838,-9.9066,-84.211,20.548,14.789
-5.3049,-2.9382,3.2118,-88.289,-24.838,-9.9461,-84.167,20.49,14.79
-5.305,-2.9383,3.2117,-88.287,-24.839,-9.9882,-84.117,20.429,14.792
-5.305,-2.9385,3.2116,-88.287,-24.839,-10.033,-84.06,20.366,14.793
-5.305,-2.9387,3.2115,-88.287,-24.839,-10.08,-83.998,20.301,14.795
-5.3051,-2.9389,3.2114,-88.287,-24.839,-10.13,-83.929,20.234,14.796
-5.3051,-2.939,3.2113,-88.288,-24.839,-10.182,-83.853,20.166,14.798
-5.3052,-2.939,3.2112,-88.29,-24.839,-10.236,-83.771,20.096,14.799
-5.3052,-2.939,3.2111,-88.292,-24.839,-10.292,-83.682,20.025,14.8
-5.3053,-2.939,3.211,-88.295,-24.839,-10.35,-83.586,19.953,14.802
-5.3053,-2.9391,3.2109,-88.299,-24.839,-10.409,-83.482,19.88,14.803
-5.3053,-2.9392,3.2108,-88.304,-24.84,-10.47,-83.371,19.807,14.805
-5.3054,-2.9394,3.2107,-88.31,-24.84,-10.532,-83.253,19.732,14.806
-5.3054,-2.9394,3.2107,-88.316,-24.84,-10.595,-83.126,19.657,14.807
-5.3054,-2.9395,3.2106,-88.324,-24.84,-10.66,-82.992,19.581,14.809
-5.3055,-2.9395,3.2105,-88.332,-24.84,-10.725,-82.849,19.505,14.81
-5.3055,-2.9395,3.2105,-88.342,-24.84,-10.792,-82.698,19.428,14.812
-5.3055,-2.9395,3.2104,-88.352,-24.84,-10.859,-82.538,19.35,14.813
-5.3055,-2.9395,3.2104,-88.363,-24.84,-10.927,-82.37,19.272,14.814
-5.3056,-2.9396,3.2103,-88.376,-24.84,-10.996,-82.193,19.193,14.815
-5.3056,-2.9396,3.2103,-88.389,-24.84,-11.065,-82.007,19.114,14.817
-5.3056,-2.9396,3.2102,-88.404,-24.84,-11.134,-81.812,19.034,14.818
-5.3056,-2.9396,3.2102,-88.419,-24.84,-11.204,-81.607,18.954,14.819
-5.3057,-2.9396,3.2102,-88.435,-24.84,-11.274,-81.393,18.873,14.821
-5.3057,-2.9396,3.2102,-88.453,-24.84,-11.344,-81.169,18.792,14.822
-5.3057,-2.9396,3.2101,-88.471,-24.841,-11.414,-80.935,18.71,14.823
-5.3057,-2.9396,3.2101,-88.491,-24.841,-11.484,-80.691,18.627,14.824
-5.3058,-2.9396,3.2101,-88.511,-24.841,-11.554,-80.437,18.543,14.826
-5.3058,-2.9396,3.2101,-88.532,-24.841,-11.624,-80.173,18.459,14.827
-5.3058,-2.9396,3.2101,-88.554,-24.841,-11.693,-79.898,18.374,14.828
-5.3058,-2.9396,3.2101,-88.578,-24.841,-11.762,-79.612,18.289,14.829
-5.3059,-2.9396,3.2101,-88.602,-24.841,-11.831,-79.315,18.202,14.83
-5.3059,-2.9396,3.2101,-88.627,-24.841,-11.899,-79.007,18.115,14.832
-5.3059,-2.9395,3.2101,-88.652,-24.841,-11.966,-78.687,18.027,14.833
-5.3059,-2.9395,3.2101,-88.679,-24.841,-12.033,-78.356,17.938,14.834
-5.3059,-2.9395,3.2101,-88.706,-24.841,-12.099,-78.013,17.848,14.835
-5.306,-2.9395,3.2101,-88.735,-24.841,-12.164,-77.658,17.757,14.836
-5.306,-2.9394,3.2101,-88.764,-24.841,-12.229,-77.291,17.665,14.837
-5.306,-2.9394,3.2102,-88.793,-24.841,-12.292,-76.912,17.572,14.839
-5.306,-2.9393,3.2102,-88.824,-24.841,-12.354,-76.52,17.478,14.84
-5.306,-2.9393,3.2102,-88.855,-24.841,-12.415,-76.115,17.383,14.841
-5.306,-2.9392,3.2102,-88.886,-24.842,-12.475,-75.696,17.286,14.842
-5.3061,-2.9392,3.2103,-88.919,-24.842,-12.533,-75.265,17.189,14.843
-5.3061,-2.9391,3.2103,-88.951,-24.842,-12.59,-74.82,17.091,14.844
-5.3061,-2.9391,3.2103,-88.985,-24.842,-12.646,-74.361,16.991,14.845
-5.3061,-2.939,3.2104,-89.018,-24.842,-12.7,-73.887,16.89,14.846
-5.3061,-2.9389,3.2104,-89.053,-24.842,-12.752,-73.4,16.788,14.847
-5.3061,-2.9388,3.2105,-89.087,-24.842,-12.802,-72.898,16.684,14.848
-5.3061,-2.9388,3.2105,-89.122,-24.842,-12.851,-72.381,16.579,14.849
-5.3061,-2.9387,3.2106,-89.157,-24.842,-12.897,-71.849,16.473,14.85
-5.3061,-2.9386,3.2106,-89.193,-24.842,-12.942,-71.301,16.365,14.851
-5.3061,-2.9385,3.2107,-89.224,-24.842,-12.979,-70.806,16.269,14.852
-5.3061,-2.9384,3.2108,-89.217,-24.845,-12.982,-70.827,16.282,14.863
-5.306,-2.9382,3.2111,-89.197,-24.848,-12.99,-70.891,16.315,14.875
-5.3058,-2.9381,3.2115,-89.162,-24.85,-13.002,-70.995,16.365,14.887
-5.3057,-2.9383,3.2119,-89.114,-24.853,-13.016,-71.139,16.43,14.9
-5.3055,-2.9387,3.2123,-89.052,-24.856,-13.034,-71.323,16.509,14.912
-5.3054,-2.9392,3.2126,-88.975,-24.858,-13.054,-71.546,16.599,14.924
-5.3053,-2.9395,3.2129,-88.885,-24.861,-13.077,-71.808,16.7,14.936
-5.3052,-2.9395,3.2132,-88.779,-24.863,-13.102,-72.107,16.809,14.948
-5.3052,-2.9393,3.2134,-88.659,-24.865,-13.13,-72.442,16.925,14.96
-5.3052,-2.9391,3.2135,-88.524,-24.868,-13.158,-72.814,17.047,14.972
-5.3052,-2.9391,3.2136,-88.374,-24.87,-13.187,-73.22,17.174,14.984
-5.3052,-2.9391,3.2136,-88.21,-24.873,-13.216,-73.66,17.306,14.996
-5.3052,-2.9393,3.2136,-88.031,-24.875,-13.245,-74.133,17.439,15.008
-5.3052,-2.9394,3.2137,-87.836,-24.877,-13.273,-74.638,17.575,15.02
-5.3052,-2.9394,3.2137,-87.625,-24.88,-13.3,-75.173,17.712,15.032
-5.3052,-2.9393,3.2137,-87.398,-24.882,-13.326,-75.739,17.848,15.044
-5.3053,-2.9391,3.2137,-87.155,-24.884,-13.35,-76.333,17.984,15.056
-5.3053,-2.9389,3.2137,-86.895,-24.887,-13.372,-76.955,18.119,15.068
-5.3053,-2.9387,3.2138,-86.619,-24.889,-13.39,-77.603,18.251,15.08
-5.3053,-2.9386,3.2138,-86.325,-24.891,-13.404,-78.275,18.38,15.092
-5.3053,-2.9385,3.2139,-86.013,-24.894,-13.415,-78.972,18.505,15.104
-5.3053,-2.9384,3.2139,-85.684,-24.896,-13.421,-79.691,18.625,15.116
-5.3053,-2.9382,3.214,-85.335,-24.899,-13.422,-80.431,18.741,15.128
-5.3053,-2.9379,3.2141,-84.968,-24.901,-13.419,-81.191,18.85,15.14
-5.3053,-2.9376,3.2143,-84.58,-24.904,-13.409,-81.969,18.953,15.152
-5.3052,-2.9373,3.2144,-84.173,-24.907,-13.393,-82.764,19.049,15.163
-5.3052,-2.937,3.2146,-83.745,-24.909,-13.371,-83.575,19.137,15.175
-5.3052,-2.9367,3.2148,-83.296,-24.912,-13.342,-84.399,19.217,15.187
-5.3051,-2.9364,3.215,-82.825,-24.915,-13.305,-85.237,19.287,15.199
-5.3051,-2.9361,3.2152,-82.331,-24.918,-13.261,-86.085,19.349,15.212
-5.305,-2.9357,3.2155,-81.814,-24.921,-13.209,-86.943,19.4,15.224
-5.305,-2.9353,3.2157,-81.273,-24.924,-13.149,-87.808,19.44,15.236
-5.305,-2.9349,3.216,-80.708,-24.927,-13.081,-88.68,19.47,15.248
-5.3049,-2.9345,3.2163,-80.117,-24.93,-13.005,-89.556,19.488,15.26
-5.3048,-2.9341,3.2166,-79.5,-24.934,-12.92,-90.435,19.494,15.272
-5.3048,-2.9336,3.2169,-78.857,-24.937,-12.826,-91.316,19.487,15.285
-5.3047,-2.9332,3.2172,-78.187,-24.941,-12.724,-92.195,19.468,15.297
-5.3046,-2.9328,3.2175,-77.488,-24.944,-12.613,-93.073,19.435,15.31
-5.3045,-2.9324,3.2178,-76.76,-24.948,-12.493,-93.945,19.39,15.322
-5.3045,-2.9319,3.2182,-76.003,-24.952,-12.365,-94.812,19.33,15.335
-5.3044,-2.9315,3.2185,-75.216,-24.956,-12.229,-95.671,19.256,15.348
-5.3043,-2.931,3.2188,-74.398,-24.96,-12.084,-96.52,19.169,15.36
-5.3041,-2.9306,3.2191,-73.549,-24.964,-11.932,-97.356,19.067,15.373
-5.304,-2.9302,3.2195,-72.667,-24.968,-11.772,-98.179,18.951,15.386
-5.3039,-2.9298,3.2198,-71.753,-24.972,-11.605,-98.985,18.821,15.399
-5.3037,-2.9294,3.22,-70.807,-24.976,-11.431,-99.774,18.677,15.412
-5.3036,-2.929,3.2203,-69.826,-24.981,-11.251,-100.54,18.519,15.426
-5.3034,-2.9286,3.2206,-68.812,-24.985,-11.066,-101.29,18.347,15.439
-5.3032,-2.9283,3.2208,-67.764,-24.989,-10.875,-102.01,18.162,15.452
-5.303,-2.928,3.221,-66.682,-24.994,-10.68,-102.7,17.963,15.466
-5.3028,-2.9277,3.2211,-65.566,-24.998,-10.481,-103.37,17.752,15.479
-5.3025,-2.9275,3.2213,-64.416,-25.003,-10.279,-104,17.528,15.493
-5.3022,-2.9273,3.2213,-63.232,-25.007,-10.074,-104.6,17.292,15.506
-5.3019,-2.9271,3.2214,-62.014,-25.012,-9.8681,-105.17,17.045,15.52
-5.3016,-2.927,3.2214,-60.763,-25.016,-9.6611,-105.7,16.788,15.533
-5.3013,-2.9269,3.2214,-59.479,-25.02,-9.454,-106.18,16.52,15.547
-5.3009,-2.9268,3.2213,-58.163,-25.024,-9.2475,-106.63,16.243,15.56
-5.3005,-2.9268,3.2212,-56.816,-25.028,-9.0425,-107.03,15.957,15.574
-5.3001,-2.9269,3.221,-55.438,-25.032,-8.8395,-107.38,15.663,15.587
-5.2997,-2.9269,3.2208,-54.202,-25.035,-8.6632,-107.65,15.398,15.598
-5.2998,-2.9271,3.2208,-54.204,-25.034,-8.66,-107.64,15.387,15.59
-5.3001,-2.9275,3.2208,-54.212,-25.032,-8.6514,-107.59,15.354,15.581
-5.3005,-2.9278,3.2207,-54.226,-25.031,-8.6384,-107.5,15.303,15.572
-5.3009,-2.9279,3.2207,-54.244,-25.029,-8.6216,-107.38,15.234,15.563
-5.3014,-2.9275,3.2207,-54.268,-25.027,-8.6012,-107.23,15.151,15.554
-5.3018,-2.927,3.2207,-54.298,-25.026,-8.5772,-107.05,15.055,15.545
-5.3021,-2.9265,3.2207,-54.333,-25.024,-8.5489,-106.83,14.947,15.536
-5.3024,-2.9263,3.2207,-54.374,-25.023,-8.5162,-106.58,14.828,15.527
-5.3027,-2.9263,3.2206,-54.421,-25.022,-8.479,-106.29,14.701,15.518
-5.3029,-2.9265,3.2206,-54.473,-25.02,-8.4378,-105.98,14.565,15.509
-5.303,-2.9265,3.2207,-54.531,-25.019,-8.3928,-105.63,14.421,15.5
-5.3032,-2.9265,3.2207,-54.593,-25.018,-8.3442,-105.25,14.271,15.491
-5.3033,-2.9262,3.2208,-54.661,-25.016,-8.2921,-104.84,14.114,15.482
-5.3034,-2.9258,3.2209,-54.733,-25.015,-8.236,-104.39,13.952,15.473
-5.3035,-2.9255,3.2209,-54.81,-25.014,-8.1756,-103.91,13.785,15.465
-5.3035,-2.9253,3.221,-54.892,-25.013,-8.1107,-103.4,13.614,15.456
-5.3035,-2.9253,3.221,-54.979,-25.012,-8.0412,-102.86,13.438,15.447
-5.3035,-2.9253,3.2211,-55.07,-25.011,-7.9671,-102.28,13.259,15.438
-5.3035,-2.9252,3.2212,-55.165,-25.01,-7.8885,-101.67,13.076,15.429
-5.3035,-2.925,3.2212,-55.264,-25.009,-7.8053,-101.03,12.89,15.421
-5.3035,-2.9248,3.2213,-55.367,-25.008,-7.7173,-100.36,12.702,15.412
-5.3035,-2.9245,3.2214,-55.474,-25.007,-7.6241,-99.649,12.51,15.403
-5.3035,-2.9242,3.2215,-55.584,-25.006,-7.5255,-98.909,12.316,15.395
-5.3035,-2.924,3.2215,-55.697,-25.005,-7.4212,-98.134,12.12,15.386
-5.3035,-2.9238,3.2216,-55.814,-25.004,-7.3111,-97.327,11.921,15.377
-5.3034,-2.9237,3.2217,-55.933,-25.003,-7.1949,-96.486,11.721,15.369
-5.3034,-2.9235,3.2218,-56.055,-25.003,-7.0726,-95.612,11.518,15.36
-5.3034,-2.9233,3.2219,-56.179,-25.002,-6.9439,-94.704,11.314,15.351
-5.3033,-2.923,3.2219,-56.305,-25.001,-6.8086,-93.762,11.109,15.343
-5.3033,-2.9227,3.222,-56.434,-25.001,-6.6664,-92.786,10.901,15.334
-5.3032,-2.9224,3.2221,-56.564,-25,-6.517,-91.776,10.693,15.326
-5.3031,-2.9221,3.2222,-56.695,-25,-6.3602,-90.731,10.483,15.317
-5.303,-2.9219,3.2223,-56.828,-24.999,-6.1955,-89.652,10.273,15.308
-5.3029,-2.9217,3.2224,-56.962,-24.998,-6.023,-88.538,10.061,15.3
-5.3028,-2.9214,3.2225,-57.097,-24.998,-5.8423,-87.39,9.8492,15.291
-5.3026,-2.9211,3.2226,-57.233,-24.998,-5.6533,-86.206,9.6364,15.283
-5.3025,-2.9207,3.2227,-57.369,-24.997,-5.4556,-84.987,9.4233,15.274
-5.3023,-2.9204,3.2228,-57.504,-24.997,-5.2489,-83.732,9.2099,15.266
-5.3021,-2.92,3.2229,-57.64,-24.996,-5.0331,-82.442,8.9965,15.258
-5.3019,-2.9197,3.223,-57.776,-24.996,-4.8077,-81.115,8.7833,15.249
-5.3017,-2.9193,3.2231,-57.911,-24.996,-4.5727,-79.752,8.5704,15.241
-5.3014,-2.919,3.2232,-58.045,-24.995,-4.3277,-78.353,8.3582,15.232
-5.3012,-2.9186,3.2234,-58.179,-24.995,-4.0726,-76.918,8.1467,15.224
-5.3009,-2.9182,3.2235,-58.311,-24.995,-3.8071,-75.445,7.9364,15.216
-5.3005,-2.9178,3.2236,-58.442,-24.995,-3.531,-73.935,7.7274,15.208
-5.3002,-2.9174,3.2237,-58.572,-24.994,-3.2441,-72.388,7.5199,15.199
-5.2998,-2.917,3.2238,-58.699,-24.994,-2.9462,-70.804,7.3144,15.191
-5.2994,-2.9166,3.224,-58.825,-24.994,-2.6371,-69.182,7.1111,15.183
-5.2989,-2.9161,3.2241,-58.949,-24.994,-2.3167,-67.522,6.9102,15.175
-5.2984,-2.9157,3.2242,-59.07,-24.994,-1.9848,-65.824,6.7121,15.167
-5.2979,-2.9152,3.2244,-59.189,-24.994,-1.6413,-64.088,6.5171,15.159
-5.2973,-2.9148,3.2245,-59.305,-24.994,-1.2862,-62.314,6.3255,15.151
-5.2967,-2.9143,3.2247,-59.419,-24.994,-0.91942,-60.503,6.1377,15.143
-5.2961,-2.9138,3.2248,-59.53,-24.994,-0.54093,-58.653,5.9539,15.136
-5.2954,-2.9133,3.225,-59.637,-24.994,-0.1508,-56.766,5.7746,15.128
-5.2946,-2.9128,3.2251,-59.741,-24.994,0.25086,-54.842,5.6001,15.121
-5.2939,-2.9123,3.2253,-59.842,-24.994,0.66388,-52.881,5.4306,15.113
-5.293,-2.9118,3.2255,-59.939,-24.994,1.088,-50.884,5.2666,15.106
-5.2921,-2.9112,3.2257,-60.033,-24.994,1.5228,-48.851,5.1083,15.099
-5.2913,-2.9108,3.2258,-60.112,-24.994,1.9141,-47.034,4.9739,15.093
-5.2911,-2.9103,3.2259,-60.107,-24.996,1.9137,-47.055,4.9972,15.098
-5.2907,-2.9092,3.2262,-60.091,-24.997,1.9133,-47.118,5.0602,15.104
-5.29,-2.908,3.2265,-60.064,-24.999,1.9144,-47.221,5.1579,15.11
-5.2893,-2.9074,3.2267,-60.026,-25.001,1.9183,-47.362,5.2862,15.116
-5.2884,-2.9076,3.2269,-59.978,-25.003,1.9253,-47.542,5.4412,15.122
-5.2876,-2.9084,3.2271,-59.918,-25.004,1.9349,-47.759,5.6197,15.127
-5.2869,-2.909,3.2273,-59.846,-25.006,1.9463,-48.015,5.8187,15.133
-5.2863,-2.9093,3.2275,-59.762,-25.007,1.9587,-48.307,6.0355,15.139
-5.2859,-2.9089,3.2278,-59.665,-25.009,1.9725,-48.636,6.2677,15.145
-5.2855,-2.9082,3.2279,-59.556,-25.01,1.9883,-48.999,6.5128,15.15
-5.2851,-2.9076,3.2281,-59.435,-25.011,2.0073,-49.397,6.7688,15.156
-5.2848,-2.9073,3.2282,-59.301,-25.013,2.0304,-49.826,7.0335,15.162
-5.2845,-2.9074,3.2282,-59.155,-25.014,2.0579,-50.286,7.3051,15.167
-5.2843,-2.9077,3.2282,-58.995,-25.015,2.0897,-50.776,7.5821,15.173
-5.2841,-2.9079,3.2283,-58.822,-25.017,2.1257,-51.295,7.863,15.179
-5.284,-2.9078,3.2284,-58.636,-25.018,2.1661,-51.841,8.1462,15.184
-5.2839,-2.9074,3.2285,-58.435,-25.019,2.2111,-52.414,8.4306,15.19
-5.2838,-2.9068,3.2286,-58.22,-25.021,2.2617,-53.01,8.7148,15.195
-5.2837,-2.9063,3.2286,-57.991,-25.022,2.3186,-53.629,8.9976,15.201
-5.2836,-2.906,3.2287,-57.746,-25.023,2.3824,-54.268,9.2777,15.207
-5.2835,-2.9059,3.2288,-57.487,-25.025,2.4536,-54.926,9.5543,15.212
-5.2834,-2.9058,3.2288,-57.212,-25.026,2.5322,-55.601,9.8261,15.218
-5.2833,-2.9057,3.2289,-56.921,-25.028,2.6185,-56.292,10.092,15.223
-5.2832,-2.9054,3.229,-56.613,-25.029,2.7125,-56.997,10.352,15.229
-5.2831,-2.9049,3.2292,-56.288,-25.031,2.8148,-57.713,10.604,15.234
-5.283,-2.9044,3.2293,-55.945,-25.032,2.9258,-58.44,10.848,15.24
-5.283,-2.9039,3.2295,-55.584,-25.034,3.0461,-59.174,11.083,15.245
-5.2829,-2.9035,3.2296,-55.205,-25.035,3.1759,-59.915,11.308,15.251
-5.2828,-2.9032,3.2297,-54.807,-25.037,3.3155,-60.659,11.522,15.256
-5.2827,-2.9029,3.2299,-54.389,-25.039,3.4649,-61.406,11.725,15.262
-5.2826,-2.9026,3.2301,-53.951,-25.04,3.6242,-62.153,11.916,15.268
-5.2826,-2.9022,3.2303,-53.492,-25.042,3.7934,-62.899,12.094,15.273
-5.2825,-2.9017,3.2305,-53.011,-25.044,3.9726,-63.641,12.259,15.279
-5.2824,-2.9012,3.2307,-52.508,-25.046,4.1619,-64.377,12.41,15.284
-5.2824,-2.9007,3.2309,-51.982,-25.048,4.3615,-65.105,12.546,15.29
-5.2823,-2.9003,3.2311,-51.433,-25.05,4.5714,-65.823,12.667,15.295
-5.2823,-2.8999,3.2312,-50.86,-25.052,4.7913,-66.53,12.773,15.301
-5.2822,-2.8996,3.2314,-50.262,-25.054,5.021,-67.222,12.864,15.307
-5.2822,-2.8992,3.2316,-49.639,-25.056,5.2604,-67.899,12.938,15.312
-5.2822,-2.8988,3.2318,-48.989,-25.058,5.509,-68.557,12.995,15.318
-5.2821,-2.8984,3.232,-48.313,-25.061,5.7667,-69.195,13.036,15.324
-5.2821,-2.898,3.2322,-47.61,-25.063,6.0332,-69.811,13.06,15.329
-5.2821,-2.8977,3.2324,-46.879,-25.065,6.3081,-70.403,13.067,15.335
-5.282,-2.8974,3.2326,-46.119,-25.068,6.5909,-70.968,13.057,15.341
-5.282,-2.8971,3.2327,-45.331,-25.07,6.8813,-71.505,13.03,15.347
-5.2819,-2.8969,3.2329,-44.513,-25.073,7.1787,-72.011,12.985,15.352
-5.2819,-2.8967,3.233,-43.665,-25.075,7.4824,-72.484,12.924,15.358
-5.2819,-2.8964,3.2331,-42.788,-25.078,7.7919,-72.923,12.846,15.364
-5.2818,-2.8962,3.2332,-41.88,-25.08,8.1067,-73.324,12.751,15.37
-5.2818,-2.8961,3.2333,-40.941,-25.083,8.4262,-73.687,12.641,15.375
-5.2817,-2.8959,3.2334,-39.971,-25.085,8.7498,-74.008,12.514,15.381
-5.2816,-2.8959,3.2334,-38.971,-25.088,9.0768,-74.286,12.372,15.387
-5.2816,-2.8959,3.2335,-37.94,-25.09,9.4067,-74.518,12.216,15.392
-5.2815,-2.8959,3.2335,-36.878,-25.093,9.7388,-74.703,12.045,15.398
-5.2814,-2.8959,3.2334,-35.786,-25.095,10.072,-74.839,11.861,15.403
-5.2813,-2.896,3.2334,-34.664,-25.097,10.407,-74.923,11.664,15.408
-5.2812,-2.8961,3.2333,-33.513,-25.099,10.742,-74.954,11.455,15.414
-5.2811,-2.8963,3.2332,-32.332,-25.101,11.078,-74.929,11.235,15.419
-5.2809,-2.8965,3.2331,-31.124,-25.103,11.413,-74.846,11.004,15.423
-5.2808,-2.8967,3.233,-30.037,-25.104,11.707,-74.724,10.794,15.428
-5.2809,-2.8961,3.2331,-30.034,-25.106,11.705,-74.73,10.794,15.434
-5.2809,-2.8944,3.2333,-30.024,-25.109,11.697,-74.746,10.791,15.442
-5.2809,-2.8929,3.2335,-30.005,-25.111,11.687,-74.77,10.785,15.45
-5.2808,-2.8924,3.2336,-29.979,-25.113,11.675,-74.802,10.777,15.458
-5.2806,-2.8931,3.2336,-29.946,-25.116,11.662,-74.841,10.766,15.466
-5.2804,-2.8945,3.2337,-29.905,-25.118,11.648,-74.888,10.753,15.473
-5.2803,-2.8958,3.2338,-29.856,-25.12,11.63,-74.942,10.739,15.481
-5.2803,-2.8963,3.2339,-29.8,-25.122,11.609,-75.006,10.724,15.489
-5.2803,-2.8958,3.234,-29.735,-25.124,11.585,-75.078,10.707,15.496
-5.2804,-2.8949,3.2342,-29.664,-25.126,11.558,-75.157,10.69,15.504
-5.2804,-2.894,3.2342,-29.585,-25.128,11.529,-75.244,10.672,15.512
-5.2804,-2.8938,3.2342,-29.498,-25.13,11.5,-75.337,10.653,15.52
-5.2803,-2.8942,3.2342,-29.405,-25.133,11.47,-75.436,10.634,15.527
-5.2802,-2.895,3.2341,-29.304,-25.135,11.439,-75.542,10.614,15.535
-5.2802,-2.8957,3.2341,-29.196,-25.136,11.406,-75.654,10.593,15.543
-5.2802,-2.8959,3.2341,-29.08,-25.138,11.371,-75.773,10.572,15.551
-5.2803,-2.8956,3.2341,-28.957,-25.14,11.334,-75.898,10.55,15.558
-5.2803,-2.8951,3.2341,-28.827,-25.142,11.296,-76.03,10.528,15.566
-5.2803,-2.8946,3.2341,-28.689,-25.144,11.257,-76.167,10.506,15.574
-5.2803,-2.8945,3.2341,-28.544,-25.146,11.217,-76.31,10.484,15.581
-5.2803,-2.8948,3.234,-28.392,-25.148,11.177,-76.457,10.461,15.589
-5.2802,-2.8952,3.2339,-28.233,-25.149,11.137,-76.61,10.437,15.597
-5.2802,-2.8956,3.2339,-28.066,-25.151,11.095,-76.768,10.413,15.604
-5.2802,-2.8957,3.2339,-27.892,-25.153,11.053,-76.931,10.389,15.612
-5.2803,-2.8955,3.2339,-27.711,-25.155,11.009,-77.099,10.364,15.62
-5.2803,-2.8952,3.2339,-27.522,-25.156,10.965,-77.271,10.339,15.628
-5.2803,-2.8949,3.2339,-27.326,-25.158,10.92,-77.448,10.313,15.635
-5.2803,-2.8948,3.2338,-27.122,-25.16,10.876,-77.628,10.287,15.643
-5.2803,-2.895,3.2338,-26.911,-25.161,10.831,-77.812,10.26,15.651
-5.2802,-2.8952,3.2338,-26.693,-25.163,10.786,-78,10.233,15.659
-5.2802,-2.8954,3.2337,-26.467,-25.165,10.74,-78.192,10.205,15.666
-5.2802,-2.8954,3.2337,-26.234,-25.166,10.694,-78.387,10.176,15.674
-5.2802,-2.8953,3.2337,-25.993,-25.168,10.648,-78.585,10.147,15.682
-5.2802,-2.8951,3.2337,-25.744,-25.169,10.601,-78.786,10.117,15.689
-5.2802,-2.8949,3.2337,-25.488,-25.171,10.554,-78.99,10.087,15.697
-5.2802,-2.8949,3.2337,-25.225,-25.173,10.507,-79.197,10.055,15.705
-5.2802,-2.895,3.2337,-24.953,-25.174,10.461,-79.405,10.023,15.713
-5.2802,-2.8951,3.2336,-24.674,-25.176,10.414,-79.616,9.99,15.721
-5.2802,-2.8952,3.2336,-24.388,-25.177,10.367,-79.829,9.9562,15.728
-5.2802,-2.8952,3.2336,-24.093,-25.179,10.321,-80.043,9.9215,15.736
-5.2802,-2.8951,3.2336,-23.791,-25.18,10.274,-80.259,9.8859,15.744
-5.2802,-2.895,3.2336,-23.481,-25.182,10.227,-80.477,9.8493,15.752
-5.2802,-2.8949,3.2336,-23.163,-25.183,10.18,-80.695,9.8118,15.76
-5.2802,-2.8948,3.2335,-22.837,-25.185,10.133,-80.914,9.7733,15.768
-5.2802,-2.8949,3.2335,-22.504,-25.186,10.086,-81.134,9.7338,15.775
-5.2802,-2.8949,3.2335,-22.162,-25.187,10.04,-81.354,9.6932,15.783
-5.2802,-2.895,3.2335,-21.813,-25.189,9.9934,-81.574,9.6516,15.791
-5.2802,-2.8949,3.2335,-21.455,-25.19,9.947,-81.794,9.6089,15.799
-5.2802,-2.8949,3.2335,-21.09,-25.192,9.9007,-82.014,9.565,15.807
-5.2802,-2.8948,3.2334,-20.716,-25.193,9.8545,-82.234,9.52,15.815
-5.2802,-2.8947,3.2334,-20.335,-25.194,9.8084,-82.452,9.4739,15.823
-5.2801,-2.8947,3.2334,-19.945,-25.196,9.7624,-82.67,9.4266,15.831
-5.2801,-2.8947,3.2334,-19.547,-25.197,9.7167,-82.886,9.3781,15.839
-5.2801,-2.8947,3.2333,-19.141,-25.198,9.671,-83.1,9.3284,15.846
-5.2801,-2.8947,3.2333,-18.727,-25.2,9.6255,-83.313,9.2774,15.854
-5.2801,-2.8947,3.2333,-18.304,-25.201,9.58,-83.524,9.2252,15.862
-5.2801,-2.8947,3.2333,-17.874,-25.202,9.5346,-83.732,9.1718,15.87
-5.2801,-2.8946,3.2333,-17.435,-25.204,9.4892,-83.938,9.1171,15.878
-5.2801,-2.8946,3.2332,-16.988,-25.205,9.4439,-84.14,9.0611,15.886
-5.2801,-2.8945,3.2332,-16.588,-25.206,9.4042,-84.316,9.0107,15.893
-5.2801,-2.8947,3.2332,-16.588,-25.205,9.4046,-84.31,9.0052,15.892
-5.2801,-2.8951,3.2332,-16.591,-25.205,9.4059,-84.291,8.9901,15.89
-5.2802,-2.8955,3.2332,-16.594,-25.204,9.4078,-84.26,8.9666,15.887
-5.2803,-2.8956,3.2332,-16.6,-25.204,9.4098,-84.218,8.9355,15.885
-5.2804,-2.8955,3.2332,-16.607,-25.203,9.4121,-84.164,8.8977,15.883
-5.2806,-2.8952,3.2332,-16.617,-25.203,9.4147,-84.098,8.8541,15.881
-5.2807,-2.8949,3.2332,-16.628,-25.202,9.4178,-84.02,8.8053,15.879
-5.2807,-2.8947,3.2332,-16.64,-25.202,9.4217,-83.93,8.7518,15.877
-5.2808,-2.8948,3.2332,-16.655,-25.201,9.4265,-83.828,8.6942,15.875
-5.2808,-2.895,3.2331,-16.672,-25.201,9.432,-83.714,8.6328,15.873
-5.2808,-2.8952,3.2331,-16.69,-25.201,9.438,-83.588,8.5682,15.871
-5.2809,-2.8953,3.2331,-16.711,-25.2,9.4445,-83.45,8.5007,15.869
-5.2809,-2.8952,3.2331,-16.733,-25.2,9.4513,-83.301,8.4306,15.867
-5.281,-2.895,3.2331,-16.757,-25.199,9.4586,-83.14,8.3581,15.865
-5.281,-2.8949,3.2331,-16.783,-25.199,9.4666,-82.967,8.2836,15.863
-5.281,-2.8948,3.2331,-16.811,-25.199,9.4753,-82.782,8.2072,15.861
-5.281,-2.8948,3.2331,-16.84,-25.198,9.4849,-82.585,8.129,15.859
-5.281,-2.8949,3.2331,-16.872,-25.198,9.4953,-82.376,8.0493,15.857
-5.281,-2.895,3.2331,-16.905,-25.198,9.5063,-82.155,7.9683,15.855
-5.2811,-2.8951,3.2331,-16.94,-25.197,9.518,-81.921,7.8859,15.853
-5.2811,-2.895,3.2331,-16.977,-25.197,9.5304,-81.676,7.8024,15.851
-5.2811,-2.8949,3.2331,-17.015,-25.197,9.5435,-81.419,7.7178,15.849
-5.2811,-2.8948,3.2331,-17.055,-25.196,9.5574,-81.15,7.6322,15.847
-5.2811,-2.8947,3.2331,-17.097,-25.196,9.5723,-80.868,7.5457,15.845
-5.2811,-2.8947,3.2331,-17.14,-25.196,9.5882,-80.574,7.4583,15.843
-5.2811,-2.8948,3.2331,-17.185,-25.195,9.6051,-80.267,7.3701,15.841
-5.2811,-2.8948,3.2331,-17.231,-25.195,9.6229,-79.948,7.2811,15.839
-5.2811,-2.8948,3.2331,-17.279,-25.195,9.6417,-79.617,7.1914,15.837
-5.2811,-2.8948,3.2332,-17.329,-25.195,9.6614,-79.273,7.101,15.835
-5.2811,-2.8947,3.2332,-17.38,-25.194,9.6823,-78.917,7.01,15.833
-5.2811,-2.8946,3.2332,-17.432,-25.194,9.7042,-78.548,6.9183,15.831
-5.2811,-2.8945,3.2332,-17.485,-25.194,9.7274,-78.166,6.8259,15.83
-5.2811,-2.8945,3.2332,-17.54,-25.194,9.7519,-77.771,6.733,15.828
-5.2811,-2.8945,3.2332,-17.596,-25.193,9.7777,-77.363,6.6394,15.826
-5.2811,-2.8945,3.2332,-17.654,-25.193,9.8049,-76.942,6.5453,15.824
-5.2811,-2.8945,3.2332,-17.712,-25.193,9.8333,-76.508,6.4506,15.822
-5.2811,-2.8945,3.2332,-17.772,-25.193,9.8631,-76.061,6.3554,15.82
-5.2811,-2.8944,3.2332,-17.833,-25.193,9.8944,-75.601,6.2596,15.818
-5.2811,-2.8943,3.2332,-17.895,-25.192,9.9273,-75.128,6.1632,15.816
-5.2811,-2.8943,3.2332,-17.957,-25.192,9.9617,-74.64,6.0664,15.814
-5.2811,-2.8942,3.2332,-18.021,-25.192,9.9978,-74.14,5.9689,15.812
-5.2811,-2.8942,3.2332,-18.085,-25.192,10.036,-73.625,5.871,15.81
-5.2811,-2.8942,3.2333,-18.151,-25.192,10.075,-73.097,5.7725,15.808
-5.281,-2.8942,3.2333,-18.217,-25.192,10.116,-72.555,5.6735,15.806
-5.281,-2.8941,3.2333,-18.283,-25.191,10.16,-71.999,5.574,15.804
-5.281,-2.894,3.2333,-18.351,-25.191,10.205,-71.429,5.474,15.802
-5.281,-2.894,3.2333,-18.419,-25.191,10.252,-70.845,5.3735,15.8
-5.281,-2.8939,3.2333,-18.487,-25.191,10.301,-70.246,5.2725,15.798
-5.281,-2.8939,3.2333,-18.556,-25.191,10.352,-69.633,5.1711,15.796
-5.281,-2.8938,3.2333,-18.625,-25.191,10.405,-69.006,5.0691,15.794
-5.2809,-2.8938,3.2333,-18.695,-25.191,10.461,-68.364,4.9667,15.792
-5.2809,-2.8937,3.2334,-18.764,-25.191,10.519,-67.707,4.8638,15.791
-5.2809,-2.8937,3.2334,-18.835,-25.19,10.579,-67.035,4.7606,15.789
-5.2809,-2.8936,3.2334,-18.905,-25.19,10.641,-66.349,4.6568,15.787
-5.2808,-2.8935,3.2334,-18.975,-25.19,10.706,-65.647,4.5527,15.785
-5.2808,-2.8934,3.2334,-19.045,-25.19,10.774,-64.93,4.4482,15.783
-5.2808,-2.8934,3.2334,-19.116,-25.19,10.844,-64.197,4.3433,15.781
-5.2807,-2.8933,3.2335,-19.186,-25.19,10.917,-63.449,4.2381,15.779
-5.2807,-2.8932,3.2335,-19.256,-25.19,10.992,-62.686,4.1325,15.777
-5.2806,-2.8932,3.2335,-19.317,-25.19,11.061,-62.001,4.0393,15.775
-5.2805,-2.8939,3.2334,-19.321,-25.188,11.068,-62.014,4.066,15.765
-5.2801,-2.8956,3.2331,-19.333,-25.186,11.089,-62.055,4.1448,15.754
-5.2797,-2.897,3.2329,-19.353,-25.184,11.122,-62.125,4.2704,15.742
-5.2794,-2.8972,3.2328,-19.38,-25.182,11.163,-62.228,4.4375,15.731
-5.2791,-2.896,3.2327,-19.415,-25.18,11.213,-62.363,4.6412,15.719
-5.2788,-2.8941,3.2327,-19.458,-25.177,11.273,-62.529,4.8769,15.708
-5.2785,-2.8926,3.2326,-19.507,-25.175,11.342,-62.725,5.1403,15.697
-5.2781,-2.8922,3.2325,-19.563,-25.173,11.421,-62.952,5.4278,15.685
-5.2776,-2.8928,3.2324,-19.626,-25.171,11.511,-63.209,5.7362,15.674
-5.2773,-2.8938,3.2323,-19.695,-25.168,11.609,-63.497,6.0632,15.663
-5.277,-2.8946,3.2323,-19.77,-25.166,11.716,-63.815,6.4065,15.651
-5.2768,-2.8947,3.2324,-19.851,-25.163,11.829,-64.166,6.7642,15.64
-5.2767,-2.8939,3.2325,-19.938,-25.161,11.95,-64.547,7.1344,15.628
-5.2766,-2.8928,3.2327,-20.03,-25.158,12.078,-64.958,7.5152,15.617
-5.2765,-2.8919,3.2328,-20.128,-25.156,12.215,-65.398,7.9048,15.605
-5.2764,-2.8917,3.2328,-20.232,-25.154,12.361,-65.866,8.3016,15.594
-5.2762,-2.892,3.2329,-20.341,-25.151,12.517,-66.361,8.7044,15.582
-5.2761,-2.8926,3.2329,-20.455,-25.148,12.68,-66.883,9.1121,15.57
-5.276,-2.8929,3.233,-20.574,-25.146,12.852,-67.432,9.5238,15.559
-5.276,-2.8928,3.2332,-20.698,-25.143,13.033,-68.007,9.9385,15.547
-5.276,-2.8923,3.2333,-20.827,-25.14,13.221,-68.607,10.355,15.535
-5.276,-2.8916,3.2335,-20.96,-25.138,13.418,-69.231,10.773,15.523
-5.276,-2.891,3.2336,-21.098,-25.135,13.625,-69.878,11.192,15.511
-5.276,-2.8908,3.2336,-21.241,-25.132,13.842,-70.547,11.609,15.499
-5.276,-2.8909,3.2337,-21.388,-25.13,14.069,-71.236,12.026,15.487
-5.2759,-2.8911,3.2338,-21.539,-25.127,14.306,-71.945,12.44,15.475
-5.276,-2.8912,3.2339,-21.694,-25.124,14.552,-72.673,12.852,15.463
-5.276,-2.891,3.234,-21.853,-25.121,14.809,-73.42,13.26,15.451
-5.2761,-2.8906,3.2342,-22.015,-25.118,15.075,-74.184,13.665,15.439
-5.2761,-2.89,3.2343,-22.181,-25.115,15.351,-74.964,14.065,15.426
-5.2762,-2.8896,3.2344,-22.349,-25.112,15.639,-75.758,14.46,15.414
-5.2763,-2.8894,3.2345,-22.521,-25.109,15.937,-76.566,14.848,15.402
-5.2763,-2.8893,3.2346,-22.695,-25.105,16.246,-77.387,15.231,15.389
-5.2764,-2.8893,3.2348,-22.872,-25.102,16.566,-78.219,15.606,15.377
-5.2765,-2.8893,3.2349,-23.051,-25.099,16.897,-79.062,15.974,15.364
-5.2766,-2.889,3.235,-23.231,-25.096,17.239,-79.914,16.333,15.351
-5.2768,-2.8887,3.2352,-23.412,-25.092,17.591,-80.775,16.684,15.339
-5.2769,-2.8883,3.2353,-23.595,-25.089,17.953,-81.643,17.025,15.326
-5.2771,-2.8879,3.2355,-23.778,-25.085,18.327,-82.518,17.356,15.313
-5.2772,-2.8877,3.2356,-23.96,-25.082,18.711,-83.398,17.676,15.301
-5.2774,-2.8876,3.2357,-24.143,-25.078,19.106,-84.282,17.986,15.288
-5.2776,-2.8875,3.2359,-24.324,-25.075,19.511,-85.169,18.283,15.275
-5.2778,-2.8874,3.236,-24.503,-25.071,19.926,-86.058,18.569,15.262
-5.278,-2.8871,3.2362,-24.681,-25.068,20.35,-86.949,18.841,15.249
-5.2783,-2.8869,3.2363,-24.855,-25.064,20.784,-87.84,19.1,15.237
-5.2785,-2.8866,3.2365,-25.026,-25.06,21.227,-88.731,19.346,15.224
-5.2788,-2.8863,3.2366,-25.192,-25.057,21.679,-89.619,19.577,15.211
-5.279,-2.8861,3.2367,-25.354,-25.053,22.139,-90.505,19.794,15.198
-5.2793,-2.886,3.2369,-25.509,-25.05,22.608,-91.387,19.996,15.185
-5.2796,-2.8859,3.237,-25.658,-25.046,23.083,-92.265,20.183,15.172
-5.2799,-2.8858,3.2371,-25.798,-25.042,23.566,-93.137,20.354,15.16
-5.2802,-2.8856,3.2372,-25.931,-25.039,24.055,-94.003,20.509,15.147
-5.2806,-2.8854,3.2374,-26.053,-25.035,24.55,-94.861,20.647,15.134
-5.2809,-2.8853,3.2375,-26.165,-25.032,25.05,-95.711,20.77,15.122
-5.2812,-2.8851,3.2376,-26.266,-25.028,25.555,-96.552,20.876,15.109
-5.2816,-2.885,3.2376,-26.354,-25.025,26.064,-97.382,20.966,15.097
-5.2819,-2.885,3.2377,-26.428,-25.022,26.576,-98.202,21.039,15.084
-5.2823,-2.885,3.2378,-26.487,-25.019,27.092,-99.01,21.095,15.072
-5.2827,-2.885,3.2378,-26.53,-25.016,27.609,-99.805,21.136,15.06
-5.283,-2.8849,3.2378,-26.554,-25.013,28.066,-100.49,21.158,15.049
-5.2831,-2.8849,3.2378,-26.555,-25.014,28.069,-100.48,21.149,15.048
-5.2833,-2.8845,3.2377,-26.556,-25.016,28.079,-100.45,21.122,15.046
-5.2836,-2.8841,3.2376,-26.557,-25.017,28.095,-100.39,21.081,15.045
-5.284,-2.8837,3.2375,-26.558,-25.019,28.118,-100.32,21.026,15.044
-5.2843,-2.8835,3.2374,-26.558,-25.02,28.146,-100.22,20.958,15.043
-5.2846,-2.8836,3.2373,-26.558,-25.021,28.18,-100.1,20.881,15.042
-5.2849,-2.8837,3.2372,-26.557,-25.023,28.22,-99.962,20.793,15.041
-5.2852,-2.8838,3.2371,-26.555,-25.024,28.264,-99.802,20.697,15.04
-5.2855,-2.8837,3.2371,-26.552,-25.025,28.313,-99.622,20.592,15.039
-5.2858,-2.8835,3.2371,-26.548,-25.026,28.366,-99.422,20.481,15.038
-5.286,-2.8832,3.2371,-26.543,-25.027,28.423,-99.202,20.363,15.037
-5.2861,-2.883,3.2371,-26.536,-25.029,28.485,-98.962,20.24,15.037
-5.2863,-2.8828,3.2371,-26.529,-25.03,28.551,-98.703,20.112,15.036
-5.2864,-2.8828,3.2371,-26.519,-25.031,28.62,-98.424,19.98,15.035
-5.2865,-2.8829,3.2372,-26.508,-25.032,28.694,-98.126,19.844,15.034
-5.2866,-2.8829,3.2372,-26.495,-25.033,28.771,-97.809,19.704,15.034
-5.2866,-2.8829,3.2372,-26.481,-25.034,28.851,-97.473,19.561,15.033
-5.2867,-2.8827,3.2373,-26.464,-25.035,28.934,-97.119,19.415,15.032
-5.2868,-2.8825,3.2373,-26.445,-25.036,29.021,-96.745,19.267,15.032
-5.2868,-2.8824,3.2374,-26.423,-25.037,29.11,-96.354,19.116,15.031
-5.2868,-2.8823,3.2374,-26.4,-25.037,29.203,-95.943,18.963,15.03
-5.2868,-2.8823,3.2375,-26.373,-25.038,29.299,-95.514,18.809,15.03
-5.2868,-2.8823,3.2375,-26.344,-25.039,29.398,-95.067,18.653,15.029
-5.2868,-2.8823,3.2376,-26.312,-25.04,29.5,-94.601,18.496,15.029
-5.2868,-2.8822,3.2376,-26.277,-25.041,29.604,-94.118,18.337,15.028
-5.2868,-2.8821,3.2376,-26.239,-25.041,29.712,-93.617,18.177,15.028
-5.2868,-2.8819,3.2377,-26.198,-25.042,29.822,-93.097,18.017,15.028
-5.2868,-2.8818,3.2377,-26.153,-25.043,29.934,-92.56,17.855,15.027
-5.2868,-2.8818,3.2378,-26.105,-25.043,30.05,-92.006,17.693,15.027
-5.2868,-2.8817,3.2378,-26.053,-25.044,30.168,-91.433,17.53,15.026
-5.2868,-2.8817,3.2379,-25.998,-25.044,30.29,-90.843,17.367,15.026
-5.2867,-2.8817,3.2379,-25.938,-25.045,30.413,-90.236,17.204,15.026
-5.2867,-2.8816,3.2379,-25.875,-25.045,30.54,-89.611,17.04,15.025
-5.2867,-2.8815,3.238,-25.807,-25.046,30.669,-88.969,16.876,15.025
-5.2867,-2.8814,3.238,-25.735,-25.046,30.801,-88.309,16.712,15.025
-5.2866,-2.8813,3.2381,-25.659,-25.047,30.935,-87.633,16.547,15.024
-5.2866,-2.8813,3.2381,-25.578,-25.047,31.073,-86.939,16.383,15.024
-5.2865,-2.8812,3.2382,-25.492,-25.047,31.213,-86.229,16.219,15.024
-5.2865,-2.8812,3.2382,-25.402,-25.048,31.356,-85.501,16.055,15.024
-5.2864,-2.8812,3.2383,-25.307,-25.048,31.501,-84.757,15.892,15.023
-5.2864,-2.8811,3.2383,-25.207,-25.048,31.649,-83.996,15.729,15.023
-5.2863,-2.881,3.2384,-25.102,-25.048,31.8,-83.218,15.566,15.023
-5.2862,-2.8809,3.2384,-24.991,-25.048,31.954,-82.424,15.404,15.023
-5.2862,-2.8809,3.2385,-24.876,-25.049,32.11,-81.613,15.242,15.023
-5.2861,-2.8808,3.2385,-24.755,-25.049,32.269,-80.786,15.081,15.022
-5.286,-2.8808,3.2386,-24.628,-25.049,32.431,-79.942,14.921,15.022
-5.2859,-2.8807,3.2386,-24.496,-25.049,32.596,-79.082,14.762,15.022
-5.2858,-2.8807,3.2387,-24.358,-25.049,32.764,-78.206,14.603,15.022
-5.2858,-2.8806,3.2387,-24.215,-25.048,32.934,-77.314,14.446,15.022
-5.2857,-2.8805,3.2388,-24.065,-25.048,33.107,-76.406,14.29,15.022
-5.2856,-2.8805,3.2388,-23.91,-25.048,33.283,-75.482,14.135,15.022
-5.2855,-2.8804,3.2389,-23.749,-25.048,33.462,-74.543,13.981,15.022
-5.2854,-2.8803,3.239,-23.582,-25.048,33.643,-73.587,13.828,15.022
-5.2853,-2.8803,3.239,-23.408,-25.047,33.828,-72.616,13.678,15.021
-5.2852,-2.8802,3.2391,-23.229,-25.047,34.015,-71.63,13.528,15.021
-5.2851,-2.8802,3.2392,-23.043,-25.047,34.205,-70.628,13.381,15.021
-5.285,-2.8801,3.2392,-22.851,-25.046,34.397,-69.612,13.235,15.021
-5.2848,-2.8801,3.2393,-22.653,-25.046,34.593,-68.58,13.091,15.021
-5.2847,-2.88,3.2394,-22.448,-25.045,34.791,-67.533,12.95,15.022
-5.2846,-2.8799,3.2395,-22.263,-25.045,34.967,-66.6,12.827,15.022
-5.2846,-2.8801,3.2394,-22.262,-25.045,34.975,-66.57,12.807,15.017
-5.2847,-2.8805,3.2392,-22.259,-25.045,34.995,-66.482,12.75,15.012
-5.2849,-2.8806,3.239,-22.254,-25.045,35.028,-66.338,12.66,15.007
-5.2851,-2.8803,3.2389,-22.246,-25.046,35.072,-66.138,12.54,15.002
-5.2854,-2.8796,3.2388,-22.237,-25.046,35.127,-65.884,12.395,14.997
-5.2856,-2.8788,3.2387,-22.224,-25.046,35.193,-65.575,12.226,14.993
-5.2858,-2.8783,3.2386,-22.209,-25.046,35.27,-65.212,12.036,14.988
-5.286,-2.8781,3.2385,-22.191,-25.046,35.358,-64.795,11.828,14.983
-5.2861,-2.8782,3.2384,-22.17,-25.046,35.456,-64.325,11.603,14.979
-5.2863,-2.8783,3.2384,-22.145,-25.047,35.565,-63.803,11.363,14.974
-5.2864,-2.8784,3.2385,-22.117,-25.046,35.683,-63.228,11.111,14.97
-5.2865,-2.8781,3.2385,-22.086,-25.046,35.81,-62.602,10.848,14.965
-5.2867,-2.8777,3.2386,-22.05,-25.046,35.946,-61.925,10.575,14.96
-5.2867,-2.8771,3.2387,-22.011,-25.046,36.092,-61.195,10.293,14.956
-5.2868,-2.8767,3.2388,-21.967,-25.046,36.247,-60.414,10.004,14.952
-5.2868,-2.8765,3.239,-21.919,-25.046,36.413,-59.582,9.7088,14.947
-5.2868,-2.8765,3.2391,-21.867,-25.045,36.588,-58.697,9.408,14.943
-5.2868,-2.8765,3.2392,-21.809,-25.045,36.772,-57.762,9.1028,14.939
-5.2867,-2.8764,3.2393,-21.746,-25.045,36.966,-56.774,8.7942,14.934
-5.2867,-2.8761,3.2395,-21.678,-25.044,37.17,-55.736,8.4828,14.93
-5.2866,-2.8757,3.2397,-21.605,-25.044,37.383,-54.647,8.1697,14.925
-5.2865,-2.8752,3.2399,-21.526,-25.043,37.607,-53.505,7.8553,14.921
-5.2864,-2.8748,3.2401,-21.441,-25.042,37.84,-52.313,7.5404,14.917
-5.2863,-2.8746,3.2403,-21.35,-25.041,38.084,-51.068,7.2257,14.913
-5.2861,-2.8743,3.2405,-21.252,-25.041,38.338,-49.772,6.9117,14.908
-5.2859,-2.8742,3.2407,-21.148,-25.04,38.603,-48.425,6.5992,14.904
-5.2857,-2.8739,3.2409,-21.038,-25.039,38.878,-47.026,6.2888,14.9
-5.2855,-2.8735,3.2412,-20.92,-25.038,39.164,-45.576,5.9812,14.896
-5.2853,-2.8731,3.2415,-20.796,-25.037,39.46,-44.076,5.6769,14.892
-5.285,-2.8726,3.2418,-20.664,-25.035,39.766,-42.525,5.3766,14.888
-5.2847,-2.8721,3.2422,-20.525,-25.034,40.082,-40.925,5.0806,14.884
-5.2844,-2.8717,3.2425,-20.379,-25.033,40.409,-39.275,4.7897,14.88
-5.2841,-2.8713,3.2429,-20.225,-25.031,40.746,-37.577,4.5042,14.876
-5.2838,-2.8709,3.2433,-20.063,-25.03,41.092,-35.832,4.2249,14.872
-5.2834,-2.8705,3.2438,-19.893,-25.029,41.447,-34.042,3.9522,14.869
-5.283,-2.87,3.2443,-19.715,-25.027,41.81,-32.208,3.6867,14.865
-5.2826,-2.8694,3.2448,-19.529,-25.026,42.181,-30.333,3.4288,14.862
-5.2822,-2.8688,3.2454,-19.335,-25.024,42.558,-28.419,3.1789,14.859
-5.2818,-2.8683,3.246,-19.132,-25.022,42.941,-26.47,2.9374,14.856
-5.2814,-2.8678,3.2466,-18.922,-25.021,43.328,-24.488,2.7047,14.853
-5.281,-2.8673,3.2473,-18.703,-25.019,43.717,-22.479,2.4811,14.85
-5.2805,-2.8669,3.248,-18.476,-25.018,44.106,-20.448,2.2668,14.847
-5.2801,-2.8665,3.2487,-18.241,-25.017,44.495,-18.398,2.0623,14.844
-5.2797,-2.8662,3.2494,-17.998,-25.015,44.88,-16.337,1.8676,14.842
-5.2793,-2.8659,3.2501,-17.747,-25.014,45.259,-14.27,1.683,14.839
-5.279,-2.8657,3.2509,-17.489,-25.013,45.629,-12.205,1.5086,14.837
-5.2787,-2.8656,3.2516,-17.224,-25.012,45.989,-10.147,1.3446,14.835
-5.2784,-2.8656,3.2523,-16.952,-25.011,46.336,-8.1037,1.191,14.832
-5.2782,-2.8658,3.2529,-16.674,-25.01,46.668,-6.0819,1.048,14.83
-5.278,-2.8661,3.2535,-16.39,-25.01,46.982,-4.0878,0.91575,14.828
-5.2779,-2.8664,3.254,-16.1,-25.009,47.276,-2.1275,0.79452,14.825
-5.2779,-2.8669,3.2544,-15.806,-25.009,47.549,-0.20624,0.68448,14.823
-5.286,-2.8312,3.264,-15.545,-25.021,47.152,0.040909,0.591,14.819
-5.2892,-2.8224,3.2685,-15.276,-25.026,46.684,0.04233,0.48195,14.82
-5.288,-2.848,3.2684,-15,-25.03,46.245,0.043476,0.36862,14.82
-5.2855,-2.89,3.2663,-14.726,-25.032,45.826,0.044292,0.27009,14.817
-5.2839,-2.9236,3.2643,-14.46,-25.034,45.414,0.044853,0.21084,14.812
-5.2843,-2.9309,3.2633,-14.212,-25.035,45.001,0.045317,0.20536,14.805
-5.2859,-2.9103,3.2628,-13.98,-25.035,44.587,0.045843,0.24969,14.799
-5.2872,-2.8797,3.2623,-13.785,-25.037,44.226,0.046424,0.3144,14.795
-5.2872,-2.8794,3.2624,-13.785,-25.037,44.223,0.030085,0.32408,14.796
-5.2872,-2.8787,3.2625,-13.784,-25.037,44.214,-0.017293,0.35076,14.796
-5.2871,-2.8782,3.2627,-13.781,-25.038,44.199,-0.093597,0.39221,14.796
-5.2869,-2.8781,3.2628,-13.777,-25.038,44.181,-0.19725,0.44658,14.796
-5.2868,-2.8786,3.2629,-13.772,-25.038,44.16,-0.3273,0.51252,14.796
-5.2866,-2.8793,3.263,-13.765,-25.038,44.134,-0.48324,0.5891,14.796
-5.2864,-2.8799,3.2631,-13.757,-25.039,44.106,-0.66465,0.67564,14.797
-5.2863,-2.8801,3.2632,-13.749,-25.039,44.073,-0.87093,0.77137,14.797
-5.2863,-2.8798,3.2633,-13.739,-25.039,44.039,-1.1011,0.87536,14.797
-5.2862,-2.8793,3.2634,-13.728,-25.039,44.001,-1.3541,0.98653,14.797
-5.2861,-2.879,3.2634,-13.716,-25.039,43.962,-1.6287,1.1038,14.797
-5.286,-2.8789,3.2634,-13.703,-25.039,43.922,-1.9243,1.2264,14.797
-5.2858,-2.8791,3.2634,-13.688,-25.04,43.881,-2.2402,1.3535,14.797
-5.2857,-2.8795,3.2634,-13.673,-25.04,43.838,-2.5762,1.485,14.798
-5.2856,-2.8798,3.2634,-13.656,-25.04,43.795,-2.9321,1.6204,14.798
-5.2855,-2.8799,3.2635,-13.638,-25.04,43.75,-3.3077,1.7596,14.798
-5.2854,-2.8797,3.2635,-13.618,-25.04,43.705,-3.7021,1.9021,14.798
-5.2854,-2.8794,3.2635,-13.598,-25.04,43.659,-4.1149,2.0472,14.798
-5.2853,-2.8791,3.2636,-13.576,-25.04,43.614,-4.5451,2.1947,14.798
-5.2852,-2.8791,3.2636,-13.553,-25.04,43.568,-4.9923,2.3439,14.798
-5.2851,-2.8792,3.2636,-13.528,-25.04,43.523,-5.456,2.4945,14.799
-5.285,-2.8794,3.2636,-13.502,-25.04,43.478,-5.936,2.6466,14.799
-5.285,-2.8795,3.2636,-13.474,-25.04,43.433,-6.4321,2.7998,14.799
-5.2849,-2.8795,3.2637,-13.445,-25.04,43.389,-6.9439,2.9541,14.799
-5.2849,-2.8794,3.2637,-13.415,-25.041,43.345,-7.471,3.1094,14.799
-5.2848,-2.8792,3.2638,-13.383,-25.041,43.302,-8.0128,3.2652,14.799
-5.2848,-2.879,3.2638,-13.349,-25.041,43.261,-8.5686,3.4213,14.8
-5.2847,-2.8789,3.2638,-13.313,-25.041,43.22,-9.138,3.5775,14.8
-5.2846,-2.8789,3.2639,-13.275,-25.041,43.181,-9.7205,3.7335,14.8
-5.2846,-2.879,3.2639,-13.236,-25.041,43.143,-10.316,3.8894,14.8
-5.2845,-2.8791,3.2639,-13.195,-25.041,43.107,-10.924,4.045,14.8
-5.2845,-2.879,3.264,-13.151,-25.041,43.072,-11.544,4.2002,14.801
-5.2844,-2.8789,3.264,-13.106,-25.041,43.039,-12.176,4.355,14.801
-5.2844,-2.8788,3.2641,-13.058,-25.041,43.008,-12.818,4.509,14.801
-5.2843,-2.8786,3.2641,-13.008,-25.041,42.978,-13.472,4.6623,14.801
-5.2843,-2.8785,3.2642,-12.955,-25.041,42.951,-14.135,4.8145,14.801
-5.2843,-2.8785,3.2642,-12.9,-25.041,42.927,-14.808,4.9655,14.801
-5.2842,-2.8785,3.2643,-12.842,-25.041,42.904,-15.491,5.1153,14.802
-5.2842,-2.8785,3.2643,-12.782,-25.041,42.884,-16.182,5.2638,14.802
-5.2841,-2.8785,3.2644,-12.719,-25.041,42.867,-16.882,5.4109,14.802
-5.2841,-2.8784,3.2644,-12.652,-25.041,42.852,-17.589,5.5565,14.802
-5.2841,-2.8783,3.2645,-12.583,-25.041,42.84,-18.304,5.7005,14.802
-5.2841,-2.8781,3.2645,-12.51,-25.041,42.831,-19.026,5.8426,14.803
-5.2841,-2.8781,3.2646,-12.434,-25.041,42.825,-19.755,5.9828,14.803
-5.284,-2.878,3.2646,-12.355,-25.041,42.822,-20.489,6.121,14.803
-5.284,-2.878,3.2646,-12.271,-25.041,42.822,-21.229,6.2569,14.803
-5.284,-2.878,3.2647,-12.184,-25.041,42.825,-21.974,6.3906,14.803
-5.284,-2.8779,3.2647,-12.093,-25.041,42.832,-22.723,6.522,14.803
-5.284,-2.8778,3.2648,-11.998,-25.041,42.841,-23.477,6.6509,14.803
-5.284,-2.8777,3.2648,-11.898,-25.041,42.855,-24.235,6.7771,14.804
-5.284,-2.8776,3.2649,-11.794,-25.041,42.872,-24.996,6.9006,14.804
-5.284,-2.8775,3.2649,-11.685,-25.041,42.892,-25.759,7.0212,14.804
-5.284,-2.8775,3.2649,-11.571,-25.041,42.916,-26.525,7.1388,14.804
-5.284,-2.8774,3.265,-11.452,-25.041,42.944,-27.293,7.2532,14.804
-5.2841,-2.8774,3.265,-11.327,-25.041,42.975,-28.062,7.3644,14.804
-5.2841,-2.8773,3.265,-11.197,-25.041,43.011,-28.832,7.4722,14.804
-5.2841,-2.8772,3.2651,-11.061,-25.041,43.049,-29.603,7.5766,14.805
-5.2841,-2.8771,3.2651,-10.918,-25.041,43.092,-30.374,7.6773,14.805
-5.2842,-2.877,3.2651,-10.77,-25.04,43.138,-31.144,7.7743,14.805
-5.2842,-2.877,3.2652,-10.633,-25.04,43.182,-31.822,7.8564,14.805
-5.2842,-2.8769,3.2651,-10.631,-25.041,43.186,-31.798,7.8386,14.807
-5.2841,-2.8767,3.2651,-10.622,-25.042,43.196,-31.725,7.7862,14.809
-5.2841,-2.8762,3.265,-10.606,-25.043,43.212,-31.606,7.7029,14.811
-5.2841,-2.8757,3.2649,-10.584,-25.044,43.235,-31.44,7.5921,14.813
-5.2841,-2.8754,3.2648,-10.556,-25.044,43.263,-31.228,7.4566,14.815
-5.2841,-2.8753,3.2648,-10.521,-25.045,43.297,-30.97,7.2993,14.817
-5.284,-2.8754,3.2647,-10.479,-25.046,43.336,-30.667,7.1227,14.82
-5.284,-2.8755,3.2647,-10.43,-25.047,43.38,-30.319,6.9291,14.822
-5.2841,-2.8755,3.2647,-10.376,-25.048,43.43,-29.928,6.7207,14.824
-5.2841,-2.8754,3.2647,-10.315,-25.049,43.483,-29.493,6.4993,14.826
-5.2841,-2.8751,3.2648,-10.247,-25.049,43.542,-29.015,6.2663,14.828
-5.2842,-2.8748,3.2648,-10.173,-25.05,43.605,-28.493,6.0233,14.83
-5.2842,-2.8746,3.2649,-10.093,-25.051,43.674,-27.928,5.7714,14.833
-5.2842,-2.8745,3.265,-10.006,-25.051,43.747,-27.319,5.5117,14.835
-5.2842,-2.8745,3.2651,-9.9126,-25.052,43.824,-26.666,5.2454,14.837
-5.2842,-2.8745,3.2652,-9.8127,-25.052,43.907,-25.97,4.9734,14.839
-5.2842,-2.8745,3.2653,-9.7063,-25.053,43.994,-25.23,4.6967,14.841
-5.2841,-2.8743,3.2654,-9.5935,-25.053,44.086,-24.447,4.4161,14.843
-5.2841,-2.8741,3.2656,-9.4742,-25.054,44.183,-23.621,4.1324,14.846
-5.2841,-2.8738,3.2658,-9.3484,-25.054,44.284,-22.752,3.8462,14.848
-5.284,-2.8736,3.2659,-9.2161,-25.054,44.39,-21.839,3.558,14.85
-5.2839,-2.8734,3.2661,-9.0771,-25.055,44.501,-20.883,3.2683,14.852
-5.2838,-2.8733,3.2663,-8.9315,-25.055,44.617,-19.884,2.9778,14.854
-5.2837,-2.8732,3.2665,-8.7793,-25.055,44.737,-18.841,2.6868,14.856
-5.2836,-2.873,3.2668,-8.6205,-25.055,44.862,-17.757,2.396,14.858
-5.2835,-2.8728,3.267,-8.4551,-25.055,44.991,-16.63,2.1058,14.861
-5.2834,-2.8725,3.2673,-8.2831,-25.055,45.123,-15.462,1.8166,14.863
-5.2833,-2.8722,3.2676,-8.1045,-25.055,45.26,-14.253,1.5286,14.865
-5.2831,-2.872,3.2679,-7.9192,-25.055,45.4,-13.004,1.2423,14.867
-5.283,-2.8717,3.2682,-7.7273,-25.054,45.544,-11.716,0.95785,14.869
-5.2828,-2.8715,3.2685,-7.5287,-25.054,45.689,-10.39,0.67562,14.871
-5.2826,-2.8714,3.2689,-7.3235,-25.054,45.837,-9.0269,0.39594,14.873
-5.2825,-2.8711,3.2693,-7.1117,-25.054,45.987,-7.6294,0.11909,14.876
-5.2823,-2.8709,3.2697,-6.8934,-25.054,46.137,-6.1989,-0.15465,14.878
-5.2821,-2.8706,3.2701,-6.6686,-25.053,46.286,-4.7374,-0.42505,14.88
-5.282,-2.8704,3.2705,-6.4374,-25.053,46.435,-3.2469,-0.69192,14.882
-5.2818,-2.8702,3.2709,-6.1998,-25.053,46.582,-1.7298,-0.95506,14.885
-5.2816,-2.87,3.2714,-5.956,-25.052,46.727,-0.18873,-1.2143,14.887
-5.288,-2.8386,3.2795,-5.7398,-25.062,46.341,0.038448,-1.4645,14.892
-5.2907,-2.8266,3.284,-5.5129,-25.066,45.875,0.040228,-1.7324,14.898
-5.2899,-2.8441,3.2847,-5.2755,-25.07,45.421,0.041765,-2.0108,14.903
-5.2878,-2.8781,3.2837,-5.0337,-25.073,44.974,0.042996,-2.285,14.907
-5.2863,-2.9084,3.2827,-4.7971,-25.074,44.528,0.043972,-2.5332,14.908
-5.2864,-2.9184,3.2824,-4.5732,-25.075,44.078,0.044826,-2.7405,14.909
-5.2877,-2.9045,3.2827,-4.3632,-25.076,43.623,0.045703,-2.9073,14.909
-5.2889,-2.8765,3.283,-4.1629,-25.078,43.167,0.046686,-3.0482,14.911
-5.289,-2.8507,3.2823,-3.9649,-25.08,42.714,0.047766,-3.1837,14.914
-5.2875,-2.841,3.2806,-3.7633,-25.082,42.269,0.048863,-3.3293,14.918
-5.2848,-2.8512,3.2781,-3.5565,-25.085,41.833,0.049882,-3.4878,14.922
-5.282,-2.8737,3.2758,-3.3475,-25.086,41.403,0.050765,-3.6503,14.925
-5.2803,-2.8951,3.2742,-3.1415,-25.087,40.975,0.05152,-3.8022,14.927
-5.2801,-2.9038,3.2738,-2.9428,-25.088,40.544,0.052208,-3.9326,14.928
-5.281,-2.8963,3.2743,-2.7525,-25.088,40.111,0.052905,-4.0399,14.928
-5.2823,-2.8784,3.275,-2.5684,-25.089,39.676,0.053661,-4.1326,14.93
-5.2829,-2.8609,3.2752,-2.3866,-25.091,39.243,0.054476,-4.2234,14.933
-5.2825,-2.8534,3.2747,-2.2037,-25.092,38.816,0.055308,-4.3225,14.936
-5.2812,-2.8592,3.2736,-2.0185,-25.093,38.396,0.056103,-4.4324,14.939
-5.2798,-2.8737,3.2724,-1.8325,-25.095,37.981,0.056823,-4.5475,14.941
-5.2789,-2.8881,3.2717,-1.6484,-25.095,37.568,0.057467,-4.6582,14.943
