0.47111,-4.4991,-2.3563,-60.594,50.127,29.212,-18.527
6.8275,-1.1303,2.6192,-72.064,56.898,75.048,-128.78
-7.0511,-4.1474,4.2077,14.171,16.395,52.623,-126.73
-7.1156,-2.8602,0.22555,-48.279,1.6595,67.165,-54.149
3.3417,-9.7994,-4.3536,-57.615,13.032,-1.7647,-66.048
-0.30842,-6.7484,1.8353,-86.941,-2.6593,-1.674,-53.341
8.4153,-5.1254,-3.0275,-0.95625,70.753,52.103,-4.0665
-3.0358,4.2431,3.4915,10.346,30.803,57.751,-2.9182
-1.385,3.6151,-2.4187,-64.263,29.574,80.179,-11.33
-1.7975,5.8713,1.0957,-41.831,-15.537,58.258,-109.67
3.6342,2.7128,-2.6289,-76.216,60.06,-20.815,-11.632
9.8578,6.0734,-1.2262,3.1308,1.8204,51.914,-75.644
-1.2229,1.5472,4.1182,-80.742,10.885,70.989,-115.42
5.9019,-3.9028,-2.3939,-13.498,0.8432,26.083,-24.65
5.149,-3.3034,-2.9247,-60.708,63.923,7.5093,-100.22
-0.043168,-2.6121,-1.0236,-3.0924,-6.6033,-4.9401,-15.72
-8.4977,-1.993,2.8296,-16.324,-13.046,59.446,-68.256
6.3679,6.4577,1.9256,-0.8056,-23.106,-6.6563,-109.38
5.5101,-7.7684,1.3156,-31.375,45.848,-22.342,-123.59
-2.2307,3.2369,3.3376,-30.699,54.618,46.71,-78.96
-9.397,2.0324,3.6365,-34.771,11.826,3.0469,-63.648
-2.9896,-3.0031,4.5686,-68.198,-12.869,18.681,-76.056
7.1721,-7.0704,2.6445,-31.973,2.7777,4.2161,-18.641
4.229,-6.3377,2.2806,-20.69,76.823,-16.977,-87.102
4.5881,4.1351,-1.7398,-61.401,74.95,-23.092,-32.342
-7.2014,-4.8968,-2.419,-65.539,34.309,72.311,-58.64
-6.3772,2.8384,-3.4301,-76.916,21.038,-25.318,-122.38
-4.0094,4.7126,-1.6914,-76.413,-11.652,52.024,-93.653
8.1779,-4.1292,3.1236,-68.228,0.20855,9.4216,-71.446
-1.5494,9.4658,2.5178,-8.9319,69.618,32.525,-24.042
-5.5703,-9.939,-4.9636,5.3217,36.084,71.602,-84.441
7.5702,1.0398,-2.5326,-26.287,58.345,35.041,-20.151
5.9318,-2.0594,-0.2782,-26.715,82.407,60.705,-83.533
7.1053,-7.7074,0.070369,-32.257,-12.348,68.788,-66.738
-7.9662,-0.27421,1.0337,-75.967,-11.007,66.724,-85.685
-8.7558,2.4458,1.0607,-13.437,5.4361,8.3018,-17.586
-4.1743,1.0408,-2.0178,-28.458,76.937,-25.713,-50.76
-8.8851,-3.8041,3.8265,-15.887,22.409,-10.335,-72.501
-8.2483,-1.8715,3.0634,-30.337,60.087,23.432,-79.579
6.4448,-0.06353,4.2048,-7.7417,22.222,17.659,-20.982
-5.7436,1.4272,-2.3469,-87.263,21.314,73.78,-101.31
-6.8534,0.2694,-0.89423,-54.799,-14.339,24.126,-62.162
9.0587,0.58249,-4.3914,-44.815,76.004,4.6463,-6.9716
5.7124,-0.18296,1.515,9.7519,38.668,50.538,-127.62
1.1688,3.6621,-3.3383,-57.516,-7.7173,4.4019,-43.642
9.1921,6.3284,2.2736,-11.205,36.547,19.151,-30.536
1.9703,-9.8683,-3.9459,-86.066,30.453,27.324,-83.5
-3.3043,3.2923,-1.6671,-11.29,-2.5698,61.573,-73.021
6.2127,1.5791,-0.35241,-37.536,-6.8531,61.385,-19.051
4.6222,-1.8266,4.3075,-36.41,-8.1812,18.291,-29.82
7.1765,2.9279,-0.10015,-27.784,74.091,1.2728,-65.888
-9.0906,6.8427,0.79389,-15.455,52.586,77.887,-11.713
-6.5324,-3.7334,-2.6919,11.059,22.948,-7.7221,-119.98
-9.7071,6.685,4.6333,-13.641,-2.9476,-12.778,-98.906
1.8536,-5.8203,3.5487,-78.192,-11.892,80.384,-2.8588
9.1116,1.8039,-4.6126,-33.568,80.92,58.407,-41.34
6.6125,0.9368,4.2181,19.134,54.155,-15.741,-31.934
1.9055,-3.6627,-2.9084,-86.015,81.062,-12.213,-76.44
0.73615,8.0105,1.2952,-44.617,18.557,-15.305,-51.216
-5.2218,-8.6947,0.74437,-64.702,60.809,33.826,-45.607
-5.8335,-1.3867,-4.2808,-43.854,48.773,72.827,-7.4421
-5.8348,-9.545,2.7275,-15.489,-9.1946,89.343,-31.392
-6.5409,-1.6109,-0.12464,-36.84,17.762,60.929,-56.123
4.2872,0.79096,2.9822,-20.112,51.39,12.834,-36.585
-1.0912,3.952,-3.1063,-40.147,-8.6849,40.049,-46.822
3.7028,-0.79333,2.8155,-47.116,6.0233,-21.709,-44.404
-7.9065,-2.3293,-0.82838,-61.461,-20.68,-8.0379,-106.07
5.6676,0.77147,3.3805,-42.75,-18.049,38.472,-116.24
3.6442,-1.0113,-2.4213,-47.97,12.528,65.789,-43.633
-9.3084,9.0066,1.6993,-15.164,21.354,-12.733,-79.333
-3.431,8.7928,-2.5467,-24.505,4.3379,76.107,-122.99
-2.8072,-2.2953,2.8931,-84.839,12.866,47.659,-115.71
5.446,-2.8855,-4.6098,-13.7,2.1393,-4.3707,-59.111
-3.7899,-4.8166,4.7061,-80.041,24.807,85.214,-105.42
-5.7186,3.7314,4.4313,-21.431,-9.4412,59.318,-57.606
5.9816,-0.37964,-3.9343,-8.7476,-4.974,33.746,-104.06
-1.3872,-6.8905,4.0391,-28.902,-25.144,81.046,-105.7
5.6939,3.7696,-0.94334,-66.052,39.904,73.491,-117.09
4.5926,5.8342,-3.0573,-16.379,-27.542,36.702,-58.918
-8.005,2.0644,-3.2835,-41.394,-0.018547,36.928,-124.36
-4.5984,6.4755,2.0943,-53.767,6.5737,35.219,-42.49
-8.9435,7.1206,4.8921,-1.1412,21.258,8.6341,-127.08
8.2281,6.3959,-4.1774,12.395,65.783,67.952,-17.015
2.4346,0.6274,1.3052,4.0586,27.445,4.8285,-40.646
6.5543,-7.8121,-1.6521,0.043391,49.745,64.581,-109.56
2.3053,3.9399,2.1814,-6.6757,75.205,-19.801,-65.013
-0.63854,9.3407,0.25599,-40.001,43.886,90.304,-67.871
-4.8341,-9.121,0.35108,-88.765,17.091,6.5829,-22.111
5.1416,4.6708,-1.7985,-28.451,-3.9028,0.50969,-34.64
8.7306,2.699,-4.0746,9.3943,75.317,54.081,-53.297
6.8725,-8.1442,-2.2647,-87.95,65.692,67.706,-80.237
-0.727,-8.0263,-4.6745,-76.704,54.815,-17.045,-69.304
-5.1213,-8.5651,-1.5824,-70.128,2.2023,24.755,-42.482
-4.6874,5.2033,-4.3367,-80.671,-5.1427,-6.3288,-77.132
-3.5012,2.8732,-3.5873,-77.681,-21.439,29.053,-10.864
3.6498,-9.6493,-0.75772,-76.786,80.123,54.798,-20.743
3.8912,2.5869,0.86079,10.241,5.8195,56.783,-128.19
9.0695,4.5571,3.0565,-9.2625,64.222,48.789,-97.801
-9.2356,-3.0358,4.7299,-77.171,81.415,32.432,-76.536
6.6639,-8.7023,1.3057,-15.653,10.321,4.4822,-38.577
-1.0309,-2.2882,4.2254,-10.145,44.381,65.164,-89.728
-1.3319,-3.5956,-1.6748,0.57547,12.417,-29.122,-39.309
0.69164,4.945,-1.4224,-36.78,-13.519,91.112,-83.864
1.2632,2.6509,1.1412,-17.315,43.913,-26.456,-106.24
-2.6524,-0.4565,-1.4058,-35.433,-27.797,-1.8169,-60.523
-8.0111,-1.6836,2.9309,-63.201,86.554,5.5058,-11.627
4.8053,4.2326,-3.1775,-53.968,75.832,22.06,-97.114
4.7697,9.2611,1.7054,-39.618,81.559,23.233,-102.55
-1.2788,-3.7473,-2.5205,-77.574,6.2998,64.018,-41.791
6.4096,-8.7941,4.2211,-24.987,25.757,-15.991,-51.896
-0.66422,-7.0841,0.52474,-59.052,17.846,-9.9056,-10.696
-8.8873,3.1663,2.8885,-57.842,1.7513,50.48,-113.33
-3.2329,3.7301,-4.872,-23.76,75.405,87.568,-29.333
5.7153,6.4758,-2.8359,-26.284,33.494,9.6733,-107.75
2.2292,-8.954,1.1127,-45.559,39.702,58.46,-73.462
-7.7696,-3.5857,-4.7273,-57.543,23.045,70.324,-113.87
3.2809,0.89251,-1.4783,-64.531,25.934,86.846,-18.999
-6.8893,-3.3406,1.6491,-65.629,75.268,23.552,-69.797
6.4893,9.5192,-4.1852,-48.808,-15.874,32.953,-54.935
7.234,-2.8073,1.6867,-36.78,34.582,-18.437,-47.618
-4.5145,0.93818,-0.8241,-61.354,50.483,77.554,-39.71
0.88855,6.9888,-0.29082,-42.345,-17.069,87.822,-68.746
3.1606,-8.3612,-0.47462,-80.415,2.633,-0.19058,-59.593
-7.3117,-5.7202,-3.4236,-55.955,25.66,11.119,-104.61
6.5202,-7.6832,0.21523,3.9612,64.441,13.054,-125.79
3.4777,-9.3079,-1.0833,-41.441,22.486,25.153,-56.65
5.0855,7.8991,3.5462,-80.92,7.3439,-11.95,-42.331
3.6194,-8.4902,4.7927,17.212,85.85,-11.278,-96.228
2.3613,5.0023,-0.24173,-29.002,-8.6828,-11.801,-36.87
-8.1617,-8.5423,3.8175,-76.9,65.283,89.139,-63.237
8.5699,-8.4032,-3.8033,-44.432,63.159,54.58,-30.805
-0.19836,3.3762,-0.93333,-68.234,45.285,22.858,-69.733
-2.9129,-3.4676,1.2697,-65.838,-17.694,80.005,-117.79
1.1033,1.2875,-0.49719,-32.364,55.22,46.962,-36.485
-1.7942,-6.3307,1.5039,19.458,23.215,5.8743,-23.293
0.97022,-4.5486,0.55301,-41.987,39.643,66.447,-29.74
-8.8019,4.4614,4.9857,-1.3732,-12.872,61.089,-44.826
5.6041,-5.7432,-0.76787,-53.916,-12.107,3.1322,-18.534
8.6491,-0.33906,-1.8613,-82.978,18.874,-15.046,-81.49
-1.3593,1.9747,3.6836,-12.912,81.471,44.169,-105.9
9.3962,-9.3612,-0.70875,-88.724,58.094,-13.118,-29.979
-2.8405,-2.2425,-2.0352,-4.3958,52.255,-20.898,-69.187
9.7877,1.2421,2.1415,-47.2,-14.068,34.6,-81.293
-3.2178,5.078,0.16795,-14.478,21.94,38.79,-62.872
6.742,8.9729,2.6911,-30.769,26.264,-25.995,-27.341
2.6088,-4.6788,-3.2274,15.565,47.609,1.7195,-16.364
1.7742,-0.5154,0.35563,-33.638,-7.8863,88.463,-89.307
2.0947,-4.7328,-2.5819,-20.98,-15.891,-10.57,-96.861
6.2848,-2.9626,-2.5688,-59.546,43.559,42.64,-35.925
-5.3735,3.5909,4.7355,-81.876,-8.8198,32.948,-116.14
7.8515,-1.8758,0.55397,-46.497,67.451,-28.689,-73.087
-0.24943,-9.3492,2.0428,-60.757,-21.687,-8.6112,-82.642
1.7919,0.96466,-4.2147,-61.069,7.0078,-3.2712,-123.7
-2.2474,9.9897,1.2339,-76.037,-3.306,48.151,-53.151
1.8588,-7.9508,2.9392,-36.866,-24.765,44.703,-53.225
6.2599,-1.5463,-4.3261,-19.104,3.8144,61.217,-122.27
-4.1717,-4.8648,-0.64912,-67.561,16.423,2.824,-97.139
8.7215,-2.4804,2.0354,-26.342,-29.355,83.619,-94.327
-1.8939,9.1414,-4.2731,-82.167,-21.89,-9.3644,-96.891
-9.2645,-5.7472,3.2893,-13.205,46.881,8.6636,-30.191
5.5462,-8.4005,0.43087,-53.848,2.809,-26.117,-100.8
0.85306,2.6505,-4.2532,-4.8579,-16.117,38.943,-125.14
5.8439,-3.4041,1.9405,-61.521,62.022,59.87,-18.778
-7.0481,0.82634,1.0418,-41.057,13.005,22.655,-56.417
2.8369,-7.1873,-2.7478,-67.804,81,39.747,-0.42407
3.7291,-9.9086,4.7876,-4.1688,-7.1027,51.968,-34.132
3.3619,2.2781,-0.10725,-44.244,58.62,58.8,-7.8
6.1237,-0.16433,3.4486,18.279,14.261,15.489,-83.698
9.8742,-1.8022,4.6134,9.7082,60.186,74.584,-97.861
0.63458,-1.9846,-1.1421,-58.551,-13.381,15.984,-120.93
0.77933,2.9741,0.17908,-2.797,54.005,-17.747,-122.57
-7.7732,-9.7866,-4.5214,-22.177,-12.356,39.26,-69.739
-6.9679,-4.5853,-1.7307,-72.129,25.15,37.854,-111.91
0.29804,9.3861,-4.9596,-82.054,60.022,18.119,-14.385
-9.2376,5.2015,-1.7638,-58.96,48.106,-2.2679,-28.363
-1.0288,8.2959,-3.9718,-51.469,10.217,-3.9321,-37.976
8.247,-8.0555,-1.1721,-1.7605,39.661,40.981,-16.288
-9.5876,-7.0644,0.60835,9.2667,25.309,80.248,-33.251
8.6233,8.1954,2.0828,-47.076,33.764,28.796,-73.531
-7.9458,-1.6838,0.24901,-53.574,-3.9025,61.094,-47.286
-9.0081,6.5574,1.7658,-45.923,16.306,83.022,-27.501
-4.6449,-2.323,4.4386,-89.583,78.32,-10.916,-75.488
-4.4258,-1.9112,-0.74419,-8.3015,-23.566,68.051,-86.694
8.3802,-5.3505,4.6724,-16.977,52.601,54.801,-48.399
1.1835,-2.83,-0.67166,7.8332,54.826,48.915,-88.59
-6.0347,1.4845,0.17577,-49.815,82.282,71.513,-91.3
3.5152,5.2222,-0.5703,-78.516,17.596,13.573,-58.769
8.3739,-5.381,4.2622,-62.685,62.836,25.266,-49.657
0.87772,-2.6406,-3.3645,-0.11966,80.083,18.25,-103.24
4.1017,5.9947,-0.20573,0.56479,22.965,-18.605,-48.358
8.6839,-8.4265,-1.5148,-29.989,5.5384,-26.3,-6.2017
-3.4643,1.0788,1.9961,-51.838,42.246,31.518,-116.44
2.927,2.0937,3.8698,-48.16,41.416,-26.987,-47.655
7.583,-3.0721,2.7859,-81.596,6.9385,67.802,-30.533
-4.4478,-0.39885,-3.5042,-56.1,11.759,3.7576,-118.38
-8.7465,1.401,0.12962,6.2103,-22.347,45.298,-28.777
4.3509,5.2896,1.2467,-18.574,66.684,-13.518,-123.89
-5.8735,-2.1492,1.6816,-31.159,-12.675,-20.915,-27.771
4.7172,-6.5508,-1.3742,3.4792,-7.665,-22.917,-107.46
-2.131,2.1109,-1.1274,-66.285,35.61,42.901,-99.21
-8.5901,6.6809,-2.533,-1.6304,-15.701,75.315,-94.787
6.2928,-1.5727,-4.2022,-9.6565,2.0451,-22.936,-80.422
-0.51109,6.3174,0.013512,6.5596,39.313,84.467,-50.746
1.3379,-4.5607,3.9309,-77.399,70.46,19.733,-60.834
-1.021,1.3811,-3.6335,-13.12,39.475,58.602,-27.54
8.2308,5.611,-2.0107,-66.153,83.593,-2.1691,-5.1397
-7.0976,2.2502,3.8558,-83.05,29.408,58.893,-5.8785
-4.6226,-5.0968,1.6564,-11.148,77.283,-8.5797,-81.85
2.6055,-0.0060492,-2.8717,-4.2641,61.864,18.809,-51.727
-1.7388,-4.877,2.7866,-41.786,45.021,-15.208,-35.684
-3.8134,-1.4066,2.0056,-80.442,36.683,69.101,-117.38
-7.8354,-5.9729,4.5874,-60.717,42.121,77.879,-61.567
-9.6807,-0.18532,4.1367,-22.903,23.934,-1.0558,-53.829
-0.19213,8.2664,-3.4452,-60.253,52.971,63.835,-38.91
0.74764,-1.82,3.8928,7.0612,41.438,55.997,-27.242
-5.9022,3.6104,0.71087,-22.395,-18.484,55.634,-86.008
2.9742,-3.4009,-3.0049,-2.8847,39.591,59.649,-67.861
-9.8275,-7.9841,-1.7849,8.9445,-19.033,54.477,-114.92
-6.0815,4.1256,4.5019,-81.595,42.272,83.672,-27.659
3.887,-4.8755,2.47,10.848,60.618,50.04,-11.247
-6.6328,8.1982,1.9457,-13.943,39.838,10.446,-6.4224
0.042687,-2.2267,-2.8948,10.487,20.562,23.026,-2.9976
7.3688,-9.9792,-1.5493,-64.423,-26.492,42.393,-113.93
-1.271,-2.1429,-0.91844,-69.257,68.32,84.314,-0.68728
3.7501,-0.17791,-2.3763,-47.891,71.901,-27.244,-47.663
7.3954,0.72106,-3.7923,13.613,73.441,85.237,-72.415
6.7311,-4.3939,3.5429,-9.9688,2.8085,20.352,-15.387
8.7175,-8.0645,4.9547,-21.417,17.541,47.126,-128
-5.9306,3.0493,-3.5682,2.7575,53.567,-11.96,-112.3
4.3493,-0.63882,4.1612,-83.383,15.119,51.157,-106.91
7.8149,-3.1437,-3.7728,14.732,72.949,46.675,-23.702
6.4226,-1.5873,-3.8654,-48.661,-23.255,46.099,-20.121
8.1673,-2.9721,2.1017,-13.971,53.709,61.064,-129.83
9.8592,-8.0838,-1.5999,-31.221,-8.7111,82.649,-34.183
4.6495,-7.077,1.1568,-27.439,-3.3106,25.755,-129.1
6.1726,2.3382,-0.48116,-1.2678,-7.71,63.159,-3.957
-3.9865,-2.1003,1.4849,-3.1057,-8.8177,61.274,-78.952
-1.64,2.3252,-2.5571,-28.413,16.784,84.08,-64.217
3.8739,7.3447,1.4421,-14.881,38.398,-29.238,-98.602
-4.0194,-5.8829,4.2508,-25.833,52.594,-18.065,-36.91
7.4698,5.8767,-1.0164,-64.023,75.452,83.128,-117.36
3.2888,9.1768,4.7947,-23.77,77.247,41.279,-49.195
3.2388,-1.4932,-4.2311,-86.345,38.923,67.907,-52.217
4.8272,3.1173,-2.0536,-22.021,6.1826,23.198,-52.083
6.0375,5.1597,2.7694,0.49149,27.444,24.843,-43.451
-7.0041,2.5431,-2.193,-63.428,39.775,0.87973,-27.647
6.9147,4.9169,2.5722,8.8794,21.708,16.514,-52.162
3.3695,-5.491,2.8078,-41.741,23.546,-19.177,-18.742
-4.3313,-8.2397,3.9661,-86.105,69.806,69.365,-61.387
-9.0692,4.4692,-4.3697,12.049,8.3919,-27.295,-44.791
6.6388,0.3559,2.3541,-83.46,-14.204,38.216,-117.54
8.1463,2.6705,2.2996,-86.973,47.528,-17.42,-91.989
1.5771,7.8615,3.7789,-30.181,-2.6228,50.049,-4.0801
-0.50347,5.8472,-4.8645,-42.608,-15.123,-8.2121,-100.32
-1.688,2.5197,0.074603,-3.056,69.052,45.682,-68.283
-0.85658,-8.4777,-4.9499,-39.549,-4.4307,81.008,-121.83
-1.1012,-5.335,3.9026,-0.6994,9.0973,62.968,-19.714
-3.9643,3.694,-2.4259,-74.658,64.035,89.303,-112.23
0.63447,8.2676,-2.0134,-39.633,-8.326,58.905,-67.992
2.8391,-5.3905,0.55534,-44.782,30.493,72.849,-53.343
-5.8765,2.1564,0.18762,-22.361,27.531,47.316,-83.946
-2.6781,2.1343,-3.4831,6.4521,41.991,75.177,-38.951
3.7104,3.2872,3.8195,-1.8716,16.051,30.272,-2.5174
8.791,-6.5871,1.5651,-49.13,37.192,19.69,-7.5567
4.0735,6.2904,3.0326,-9.4399,52.084,-24.547,-125.42
-2.7221,9.154,2.2601,-42.214,-10.476,-3.3153,-51.126
5.4027,-7.2079,2.6262,-62.903,4.5132,87.315,-15.442
3.6552,-7.9211,1.8201,0.63904,-15.109,52.386,-46.585
-0.0091575,-5.227,-2.7083,-9.5432,19.983,-22.801,-94.677
1.8605,-7.3134,4.7666,-15.396,56.992,83.275,-65.481
-8.2116,-0.85077,2.0289,-85.621,24.893,1.9573,-73.703
-0.88771,5.51,1.2013,-28.132,25.935,19.416,-76.582
2.7942,0.75259,-1.2153,-32.452,4.6107,-8.9818,-77.506
-5.8843,-7.8762,-3.6709,-7.648,17.816,-19.7,-37.265
-7.8907,8.2907,-0.10996,-70.427,25.452,-27.349,-72.44
-2.1125,0.55504,2.3566,-69.32,-11.522,59.47,-123.54
7.2113,-7.9822,-4.7645,11.901,-24.044,69.597,-94.661
9.7692,6.5864,-2.9667,6.1352,22.11,61.892,-120.02
-7.7825,-3.9697,4.7474,-36.122,48.488,46.562,-2.939
-2.1308,1.713,-1.3292,-21.455,4.0463,-20.872,-21.484
-7.514,-2.863,-3.0808,-50.697,41.995,67.284,-60.932
4.944,4.7575,3.0899,-9.7494,81.936,33.911,-55.488
-6.9499,5.2765,-2.5173,-13.523,25.986,63.103,-99.58
9.4939,7.1381,0.56169,-13.52,-9.7351,27.339,-59.238
-8.8957,-6.0685,-0.57407,-20.639,29.229,48.332,-38.602
2.9038,-5.225,-0.092339,-28.306,64.939,54.18,-65.781
-1.7371,1.0687,2.4366,19.771,29.4,83.318,-87.725
-7.6503,-7.3348,-2.9729,-6.7517,81.471,48.276,-115.44
-9.2086,-4.3078,4.741,-87.291,-6.7439,11.061,-83.499
2.3651,3.2557,-0.77397,-43.011,-12.78,-29.133,-3.2725
-6.2206,6.7339,-2.9343,12.761,41.776,-9.9332,-93.557
0.0014867,-2.8819,4.7524,-65.416,-9.3513,38.987,-35.392
-5.0623,-3.895,-3.9209,-56.989,-11.337,-5.0559,-8.9482
-5.9315,8.4276,4.873,-89.331,80.265,74.806,-26.507
-1.7926,5.1447,1.9832,-81.36,34.156,-24.829,-77.047
5.0457,-1.2549,4.6344,-12.332,13.264,-28.621,-93.621
1.5392,-4.1825,3.7421,-84.516,57.035,76.393,-57.745
4.6835,-7.467,2.7133,-27.851,34.749,5.8068,-62.049
-5.8039,-4.1318,-1.5336,-57.614,-13.772,27.897,-99.505
9.8599,-6.7942,-4.5098,-62.762,71.212,79.144,-25.419
-2.2654,-0.28314,4.6368,-76.023,38.107,33.096,-63.558
3.9201,7.7288,4.4339,12.108,71.287,42.242,-63.624
-5.1428,1.9093,2.4119,14.691,55.799,43.333,-26.15
-0.66011,7.7245,1.8776,-83.187,1.5974,88.574,-122.94
9.4311,-5.3774,2.0026,2.2009,4.4772,18.174,-61.86
6.9487,-0.40057,0.63355,-75.672,48.267,-13.41,-120.64
-9.2643,-5.0244,-3.3962,4.2102,-1.6608,63.511,-91.695
-8.1793,-6.2003,0.96249,-40.272,-13.598,83.283,-92.56
-9.5186,-7.5676,3.472,-84.081,10.947,43.036,-72.295
3.4738,-6.6685,-1.918,-27.55,66.202,45.243,-25.007
-6.4586,1.9648,-4.5587,-64.129,-10.251,58.312,-39.977
-5.4908,-5.8849,2.7481,-37.381,-13.272,26.66,-91.347
2.8135,-2.4343,1.3316,8.6794,39.742,20.391,-34.982
7.8523,4.9986,1.8094,-1.6311,50.304,-17.166,-10.481
3.8562,-7.3588,2.2861,-88.698,-2.2149,46.892,-0.45459
8.4972,-7.956,-2.3446,-73.675,43.71,78.583,-88.218
8.9923,4.978,3.855,-70.845,-15.549,25.559,-124.21
-2.9457,-9.6554,-1.4208,-60.816,37.321,65.198,-67.673
-0.54841,-6.1277,2.456,-67.648,-26.422,14.92,-53.261
-7.5853,6.9361,0.18561,-27.016,-10.585,46.113,-58.069
-6.2205,-0.50285,-2.954,-33.188,15.903,14.097,-107.47
5.1922,-7.9058,2.3201,-4.6757,-21.099,-1.4402,-30.652
0.41901,-0.73942,1.4295,-22.3,43.462,85.369,-36.318
9.0998,-8.6378,4.0135,-30.55,20.983,12.2,-118.06
8.8704,-0.74354,1.2875,-61.076,81.572,-19.096,-15.495
-1.6386,-7.4591,4.0452,-76.702,-2.4843,42.623,-97.938
-1.5525,4.0092,-3.1355,-63.466,19.955,33.501,-56.247
2.0322,0.094378,-2.3275,-66.322,7.1413,57.912,-2.5643
8.7874,8.3526,-3.7955,-81.314,78.419,83.97,-125.8
1.9095,6.5773,-2.0474,13.451,78.479,3.0084,-113.77
-4.0288,6.3973,4.5464,-14.399,-23.905,25.165,-56.952
-8.6571,-1.8774,1.0716,-0.303,19.394,-19.82,-29.8
-2.326,-1.6082,2.972,-61.926,63.347,5.4741,-61.364
0.060792,-1.144,-0.80606,-37.654,65.29,-25.43,-103.87
6.5996,-0.26424,1.5664,4.7435,54.701,-26.833,-3.3212
3.5797,3.6729,2.3606,13.195,63.687,14.501,-84.763
6.6086,0.67456,1.2229,-29.511,-24.203,58.857,-5.8049
-0.82841,-1.8229,-2.034,8.6302,-5.6072,77.505,-121.93
-6.3697,-4.5317,-4.5707,-71.188,80.21,42.892,-49.398
3.1611,-3.6877,4.3034,-86.942,-10.087,18.311,-55.199
5.117,8.7332,-2.1881,-51.975,61.156,-26.395,-53.066
-7.1928,3.8993,-3.2771,-78.186,21.852,-4.4825,-123.52
1.5452,-4.5481,-0.13678,-17.463,-20.183,50.53,-93.296
7.7725,-2.631,-4.6144,-64.055,78.596,53.796,-59.117
-3.8219,1.7533,-0.18409,-70.467,28.538,52.599,-4.9634
-9.1575,-4.5805,0.67123,-57.674,-11.209,12.758,-87.509
0.023247,-1.405,-0.86402,-77.83,8.2261,40.299,-15.203
1.6205,-9.2302,-1.0967,-36.263,11.998,41.929,-2.728
8.9491,8.3405,2.8095,-73.256,56.441,73.564,-77.853
1.2121,-4.905,-1.4151,-79.05,5.8042,10.523,-110.4
-6.9198,6.0138,-4.4474,-40.966,18.413,81.37,-78.669
-5.4264,8.0991,-0.04146,-45.277,34.584,31.655,-42.482
-2.741,-1.9639,-4.0492,-14.685,31.983,47.147,-125.98
-6.7302,2.5606,-1.5809,-38.782,-7.1305,30.225,-4.7511
-0.18674,1.6691,1.2635,-73.283,-13.753,36.166,-86.784
5.7085,-2.0337,-2.4637,-36.84,74.799,59.527,-86.128
8.3305,6.9535,-4.1108,5.2133,84.495,-18.859,-109
3.9339,6.6095,-1.6585,-43.16,51.668,23.185,-116.35
9.8064,-6.0906,0.74362,7.0452,-29.116,-4.5059,-11.74
8.4722,-9.5539,-0.14176,-17.392,42.586,82.072,-30.466
-2.7908,6.8594,4.4541,-56.296,3.7777,38.583,-50.51
3.5782,-8.3973,-0.96918,-26.903,17.492,-19.054,-114.19
-6.6558,1.4812,0.35,1.5731,55.729,-10.019,-41.81
0.40913,-3.5446,2.7729,-60.688,6.4399,8.1671,-10.535
4.7277,-7.2632,4.8432,-30.162,-2.7152,18.564,-19.087
2.0728,-0.97203,-3.0241,-33.914,57.189,-14.446,-8.4324
7.8597,-9.7153,-3.489,-3.7193,70.858,46.805,-61.836
-0.51529,2.666,2.0789,-60.16,18.74,-6.79,-17.224
7.8348,6.5444,0.77096,-63.259,-5.3298,-3.0034,-96.672
8.1249,7.8572,0.49071,13.051,21.78,62.069,-121.2
3.0789,3.016,0.26307,-53.517,34.893,-12.04,-54.143
-7.4,6.361,-2.0007,5.744,10.459,50.919,-82.021
5.9246,8.1501,2.4544,-20.036,72.966,22.795,-110.22
-9.0596,-2.2753,0.6826,-58.209,-10.18,61.397,-81.285
6.8614,-9.3897,3.3898,-26.2,75.514,34.359,-34.534
-0.87183,9.566,1.4936,7.68,-9.9467,22.018,-61.844
4.1133,7.6288,-0.35192,-24.685,45.939,-11.016,-17.633
2.1804,4.2678,-3.9144,-62.35,-23.426,57.21,-74.436
8.1774,-5.3493,-3.4598,-36.314,84.389,-16.671,-114.06
9.3238,-1.7273,2.3698,-53.804,33.951,36.655,-56.717
6.1586,-0.64214,-2.8433,-65.228,-21.1,-29.341,-61.403
-7.9116,7.1583,-2.4991,-57.139,68.719,-27.872,-94.351
2.8025,6.0464,3.9486,-44.531,52.451,-12.848,-62.394
-2.3059,5.0842,0.059742,8.0465,70.633,53.075,-45.306
8.184,-6.5663,4.1612,3.0121,32.363,37.828,-75.997
9.4944,8.0086,0.24537,-25.868,57.709,9.4157,-21.072
7.16,-5.0675,-4.6967,-50.45,42.192,-13.293,-103.46
1.4466,7.6642,-1.2595,-13.21,11.764,-9.8038,-104.88
0.96542,7.4127,-4.0885,-85.103,85.861,-9.1384,-33.663
-3.557,9.803,-1.4699,-24.289,12.855,68.762,-79.12
-2.3327,-1.734,3.0407,-14.476,85.727,-16.443,-38.522
-7.0301,-2.168,-0.6564,-61.439,11.445,66.474,-55.435
3.2014,9.0173,2.1277,-84.837,-24.597,57.827,-104.72
-3.7549,1.7282,2.3942,-78.351,24.565,-8.3809,-104.45
2.4906,-1.075,2.8837,-13.225,-14.627,80.339,-92.894
-5.3857,-3.9544,-3.6213,-66.275,9.5288,57.081,-7.5541
-5.0571,-0.78254,3.2772,-21.912,70.072,86.792,-75.813
-7.1032,2.9436,-3.9335,-64.36,79.913,75.936,-71.104
5.5102,6.1244,-3.4746,-34.152,47.425,67.909,-22.46
-2.4042,9.4554,2.4988,-30.184,61.839,-4.3949,-14.096
3.028,1.3779,-0.78469,-82.856,15.176,83.971,-120.63
0.006834,-3.8111,-1.195,-50.981,42.138,86.571,-1.1562
9.4784,-2.3842,0.38335,-61.839,-2.5037,-22.198,-28.988
2.5302,-2.0606,3.606,-7.1977,-3.222,21.122,-19.596
-1.5485,5.8907,0.57571,-64.094,-21.34,31.741,-24.565
-9.4603,5.1557,-0.56184,-34.302,54.166,69.199,-29.916
8.2626,-5.7918,-3.451,-68.987,-4.9638,79.417,-36.492
-1.6277,-5.7478,3.1923,11.606,-20.043,57.513,-59.875
-6.4631,5.1262,2.328,-80.636,41.443,4.0345,-103.63
7.6856,-2.6877,-4.9792,-10.011,-16.728,28.362,-109.94
0.46014,-3.7324,4.0067,-12.016,38.735,25.131,-85.752
-1.0192,3.5082,4.0893,-38.312,41.501,40.99,-5.2773
-1.1244,7.733,-2.9197,-16.688,9.9698,44.238,-57.857
7.718,-9.5864,0.3637,-87.784,18.032,61.442,-29.93
1.5971,-2.1069,1.7223,-42.61,29.191,44.256,-121.85
-8.3858,-9.5934,0.13656,-39.698,-5.0883,21.981,-43.491
0.66702,3.1032,3.1648,-25.949,62.342,29.06,-36.474
0.78379,-4.7971,4.7893,-59.631,-18.269,46.103,-5.2669
8.8427,-7.4336,-1.9145,-46.706,60.675,55.816,-56.301
1.387,-7.3536,1.707,7.024,59.48,79.181,-103.51
8.7176,-3.4677,-2.3481,-84.77,14.244,11.58,-2.5295
-2.9593,-8.6104,4.6705,-4.6001,79.596,5.1361,-117.02
3.8053,-7.9879,3.0808,-22.803,-17.841,67.425,-81.967
-2.7356,2.3877,4.4711,-78.232,78.835,26.043,-121.61
2.7729,5.6053,-2.6142,-2.4622,82.288,17.3,-73.28
3.484,7.8693,3.7584,-41.071,84.871,32.851,-55.194
-4.5591,-6.0179,-3.8694,-49.883,5.6106,46.662,-44.113
-1.401,2.5906,0.49663,-27.85,-29.803,14.562,-44.496
3.322,-8.7722,3.3488,-55.08,-16.06,-13.886,-122.61
5.2635,-2.8039,4.2021,-42.351,76.039,8.9241,-49.902
2.5727,-1.7393,-1.4012,-87.108,9.7919,-17.437,-57.154
0.7426,-2.2602,-1.6486,-86.506,64.97,12.647,-1.9925
9.1832,-7.5205,-3.9327,-84.734,73.74,33.197,-56.306
-9.8159,1.3115,-3.7389,17.103,63.816,76.112,-13.513
-9.3153,7.5828,-3.8923,-37.82,-14.605,36.128,-77.251
-3.6874,5.4803,0.33495,-54.209,57.727,-19.096,-9.693
7.4551,0.16659,-2.997,-50.262,63.272,76.219,-6.5026
-6.0945,-5.5656,0.72903,3.728,37.882,-16.112,-101.89
9.7241,1.5576,-0.51853,-75.482,29.42,30.838,-89.145
4.3677,5.367,1.0842,-75.755,80.952,44.275,-69.553
9.7487,3.5638,2.4652,-58.936,52.112,68.097,-115.7
9.6886,2.0802,-4.3403,-10.193,74.887,1.4489,-57.077
0.28437,-0.86588,0.48205,-54.984,48.451,70.382,-11.5
-0.2348,-7.045,3.3114,-0.9257,-25.201,61.48,-39.42
4.7886,-7.4498,4.3225,-36.39,-11.226,2.0222,-47.503
6.5185,6.6067,0.39921,-16.734,-23.762,7.2619,-63.854
-4.3586,-2.3397,-3.3889,-42.455,54.111,78.537,-64.281
-1.6689,7.7807,-0.10618,-48.464,1.3388,-4.904,-13.955
4.6626,-5.6037,-4.6945,-12.679,67.099,76.676,-95.43
-2.3336,3.0298,1.3531,-75.226,-25.954,73.766,-74.922
-7.5251,-5.3658,-3.9037,-46.995,42.234,45.893,-48.398
-9.9218,-2.5079,1.6812,-53.467,2.9075,69.396,-112.51
4.7005,-6.2374,-2.4858,-2.1382,72.48,17.557,-24.456
-7.2098,8.0923,4.9291,-69.615,3.6289,14.425,-82.903
1.8935,1.8344,-4.0755,-89.03,-25.538,23.581,-118.99
-3.7114,-8.9012,4.4637,-14.963,-0.39483,59.986,-40.749
-8.4117,-9.2462,0.6162,-75.026,1.2822,55.033,-114.98
4.344,-6.0172,2.747,-23.743,8.7347,68.926,-30.395
1.9843,5.6702,-3.4576,-31.309,64.302,-10.584,-30.695
-8.3239,2.293,4.6273,-18.475,-6.5761,10.819,-119.32
8.0983,-7.895,1.9144,9.3248,49.576,73.655,-27.249
9.2976,-0.36234,4.9813,-70.774,16.924,51.86,-117.34
-5.1489,-6.1474,0.81558,-81.044,25.56,55.02,-102.35
4.4944,9.341,-2.8,13.296,-6.9974,10.226,-86.933
1.5152,-7.0239,3.1686,-51.292,53.398,66.159,-31.269
2.8986,2.8579,-1.8277,-8.3482,11.609,20.488,-105.37
-9.6127,-2.1141,-2.2381,0.21118,68.377,86.218,-107.34
-4.5569,8.4764,0.81906,-65.578,-4.7709,77.976,-14.731
7.0757,9.5664,-4.7725,-72.923,62.103,-20.098,-3.2782
-7.2351,9.106,4.3328,-50.959,0.017285,60.044,-23.353
-6.9215,-8.8391,-1.6086,20.24,52.672,83.437,-59.446
8.9427,-7.0043,3.8174,-67.378,14.361,43.216,-8.2637
4.71,2.3698,3.1118,-63.448,38.098,-30.021,-2.9355
4.3607,9.4053,4.8552,-70.351,-19.058,-19.571,-42.708
0.60694,5.6218,4.4327,-67.963,4.4091,-13.57,-24.275
-6.4395,-7.2476,3.4452,-21.652,8.3231,30.431,-105.31
-9.4655,8.8607,-0.6165,-75.956,-10.002,-14.065,-26.016
-1.7234,4.1038,0.094952,-18.843,-18.295,86.187,-26.511
-9.7722,4.4297,-1.4025,6.4966,2.1269,42.679,-91.487
-4.3566,0.99017,0.17436,-65.58,27.889,82.234,-37.12
0.81902,3.2373,0.91616,9.8641,31.161,-14.7,-44.107
-8.0863,-2.5043,-2.6429,-24.493,37.451,0.39019,-41.615
-2.3201,2.2978,0.74338,-6.5081,36.868,87.659,-80.022
0.12114,-6.4115,-4.6439,-81.973,2.8984,19.938,-82.083
-4.2718,-3.645,2.9739,0.44658,1.6508,23.428,-57.745
-9.89,-4.9001,-3.9022,-46.15,13.679,68.555,-14.599
2.1188,-6.9616,3.8009,-88.296,29.695,74.627,-17.696
1.1545,1.2776,-1.7941,-55.526,45.81,-15.63,-43.855
-5.3982,-3.1002,-3.3521,8.1486,-20.811,24.083,-86.628
2.1312,-2.5349,-4.3696,-62.192,76.119,6.705,-37.963
9.6975,5.8387,-4.6323,-76.686,62.953,-27.588,-52.237
-5.2288,5.0643,0.72722,-23.537,-10.077,71.052,-72.043
4.5469,4.7968,2.9153,-79.227,40.477,28.214,-83.114
-1.1918,8.3244,-2.4421,-30.098,14.108,4.6058,-72.8
6.5993,-1.2093,-4.0636,12.164,1.0956,87.613,-70.033
-5.4584,7.581,0.29533,7.1742,55.614,-17.714,-111.89
-0.28264,1.1349,4.6185,-27.489,66.64,10.539,-21.065
4.1495,-1.4697,1.5911,-89.122,81.651,-9.6743,-1.0271
3.4456,5.2716,-3.8076,-87.197,-26.687,-23.887,-66.869
3.038,2.272,-0.68229,-17.707,21.014,16.91,-6.4199
9.7964,8.1323,4.88,-86.813,22.621,20.769,-53.948
9.1612,-9.0195,-0.40336,-16.325,85.729,8.7971,-7.6271
3.2401,-1.6954,-4.9812,-71.966,33.979,25.85,-28.557
-1.0336,6.6302,1.4321,-68.638,43.569,23.013,-37.369
-3.006,-7.1732,0.32933,-6.1192,55.379,-9.6701,-118.91
-5.1284,-2.8926,-3.132,13.573,6.2093,49.428,-8.1836
-1.1239,8.3237,4.7129,-43.237,79.947,16.008,-120.3
8.6912,9.8632,0.054293,6.3373,-2.0787,59.387,-113.09
-6.4012,2.71,-4.0807,-12.747,51.198,2.3673,-9.3133
4.027,7.1372,-2.1622,-23.825,-21.36,-0.93278,-35.853
-7.1611,-9.4527,4.3079,-44.757,66.344,64.951,-96.512
5.832,-6.3769,0.46489,-21.084,82.925,50.295,-62.266
0.64949,-2.9619,3.1752,-18.109,57.845,81.941,-78.283
-9.5373,5.2532,-0.93544,-77.75,43.272,71.961,-44.662
-1.1607,-2.0303,1.5988,-59.46,56.783,37.243,-2.806
1.6261,-0.63143,3.7704,-30.862,-11.002,-29.417,-13.907
8.6993,7.8676,-2.4698,-57.112,78.025,11.391,-39.389
-3.6238,-9.348,2.1795,-82.872,35.49,65.624,-106.71
7.8142,-8.3095,4.3544,-67.942,41.12,63.598,-108.6
-5.6618,3.1851,-2.667,-80.793,65.678,38.602,-125.74
6.3425,9.3239,-0.018452,-42.663,-25.34,-15.58,-35.959
9.9078,5.3548,3.2867,-27.462,-26.515,30.58,-77.642
2.078,-8.9284,0.67964,4.5393,40.412,9.2049,-120.33
-5.2494,-7.6066,2.7843,-5.1018,30.112,64.611,-103.28
-0.8062,2.1067,-2.0201,-31.094,-20.373,17.586,-67.147
0.089335,-6.8104,-0.94672,-35.974,-19.548,64.095,-117.82
-3.1286,9.886,-4.3121,-78.579,-1.0435,25.06,-59.929
4.0822,-7.8903,-0.86081,-87.047,53.435,63.525,-89.342
5.5145,1.36,2.8418,-85.727,74.475,-12.479,-99.478
4.3473,-6.8581,-3.6118,-85.456,62.324,85.678,-87.234
-9.6521,4.3996,4.0237,-56.629,-2.5897,74.734,-104.09
-4.5504,-3.4354,-4.9336,-76.918,51.478,83.044,-40.662
-8.5277,5.1303,-3.8967,15.511,29.101,-17.698,-84.854
-8.183,6.2306,-2.1148,-69.074,39.265,36.098,-114.52
1.6229,-7.0026,-2.3313,-73.096,-13.629,23.846,-40.607
6.9422,3.6465,0.14034,10.172,47.241,-16.277,-21.976
-7.4371,-3.3042,2.5131,-43.2,3.7379,-9.3162,-42.206
4.9831,9.5628,1.226,-84.073,9.8511,18.111,-65.346
-0.66044,-8.3005,0.8703,-66.17,-22.622,52.256,-14.803
-1.5022,6.4473,2.9406,-67.172,35.074,68.956,-51.112
6.5829,-8.9118,-4.4848,-34.549,27.363,13.049,-36.663
8.0271,5.2116,3.1274,19.118,-14.465,-0.35649,-54.587
2.3701,8.9434,-0.05079,-75.116,-17.069,-22.681,-75.702
-7.4351,4.1259,0.36273,-24.237,50.38,33.192,-0.2683
4.6101,5.1908,1.7378,-53.864,-13.465,22.648,-22.83
6.7685,-2.6503,0.43661,-75.231,-22.732,64.149,-56.433
2.2293,1.6692,2.5445,-60.595,29.406,63.543,-68.683
2.9548,-3.7006,-0.70378,-76.1,6.1523,45.67,-48.293
5.9444,2.223,0.16889,-36.099,-15.362,69.048,-71.042
-8.5228,0.37566,0.31814,-61.2,21.783,2.3439,-88.997
-8.2266,-1.7645,0.10475,-80.503,-0.32462,-27.867,-110.52
-7.7259,2.1043,-0.90358,-38.878,33.915,-21.101,-38.199
-6.1289,4.5529,-1.0521,-60.087,-11.476,-14.543,-61.466
-3.2635,-3.289,4.4301,4.5721,69.477,53.892,-112.94
-7.8712,-2.0961,-4.9639,-81.463,12.871,83.977,-34.33
6.3141,7.2639,4.2229,-19.356,21.32,18.724,-70.112
3.6775,-8.8858,0.83729,-29.469,30.571,28.086,-67.345
6.3586,6.7306,1.1207,-73.105,58.997,40.18,-78.922
-7.8394,-6.0652,-4.2297,-78.847,82.929,8.1986,-2.3091
-3.3243,-9.9885,4.11,-41.753,35.727,-2.1083,-25.93
7.139,7.383,1.0861,-44.843,-25.953,-24.474,-92.89
0.94277,3.9382,4.808,-30.583,28.969,23.201,-129.29
0.45087,2.7969,3.5023,-62.054,21.967,-27.035,-91.443
-6.8636,5.6417,-0.51922,2.9415,17.329,26.555,-103.25
-4.9267,3.2197,4.8428,10.181,76.487,81.676,-34.801
4.931,-3.7507,3.9138,-30.84,62.933,1.7045,-20.537
1.2813,4.8364,-1.0247,-38.387,17.446,27.269,-33.062
-1.8853,2.4501,-3.9346,-13.226,-5.2737,33.687,-60.192
-5.5612,5.89,-2.8213,-50.508,-14.012,-22.832,-16.929
6.557,9.8381,-0.22837,-69.344,28.866,80.534,-30.837
-1.8698,8.0311,-0.89856,-15.596,64.818,75.417,-27.998
8.9507,8.6163,4.1219,-61.933,14.849,39.64,-104.65
-9.4632,9.1432,-4.4739,-12.739,-25.078,0.7163,-49.904
-3.0019,-9.1857,-2.7727,-37.753,61.284,62.457,-50.322
3.614,7.7383,-2.0836,-2.6902,14.096,-22.398,-12.825
-9.1356,7.4482,3.9706,-29.952,0.97902,88.179,-83.197
-6.6817,1.3828,3.0546,-47.354,62.921,8.8986,-87.291
-7.1308,1.7694,-4.037,-15.552,58.655,47.892,-97.447
6.1452,-0.051631,-4.132,-82.711,69.436,39.575,-10.521
8.8624,4.4812,-2.1138,-9.7311,38.121,59.363,-31.545
-9.5102,0.071512,-0.47024,-63.341,62.637,47.866,-119.91
7.785,-6.866,4.8845,19.37,39.945,-3.4876,-43.356
5.0183,-6.4537,-1.9865,-27.11,59.462,26.586,-5.3699
-5.2898,6.9135,4.1025,-6.5093,83.465,82.643,-48.368
8.3181,-7.2113,-0.1913,-49.5,11.109,51.946,-85.894
3.3207,9.5023,1.3439,-0.98916,56.507,10.177,-34.72
5.1748,-1.7777,2.1784,-81.903,4.6444,23.411,-10.823
-5.8299,9.945,-2.6119,1.8055,63.189,-21.263,-53.737
-4.5272,0.75279,4.2127,-60.384,49.255,76.936,-124.39
1.0262,3.7603,-2.9772,-14.699,-21.779,62.529,-30.565
4.8473,9.0412,-1.6616,-66.929,38.888,8.0724,-11.918
4.3005,-2.3675,1.2628,-2.0338,44.225,32.184,-89.312
1.5367,7.6625,-4.1797,-27.571,51.683,-26.525,-13.37
7.65,2.2638,-1.662,-29.753,1.0708,68.164,-89.438
-1.7381,4.4978,3.6192,-70.843,37.652,-23.585,-99.66
4.174,5.9358,-1.7101,15.934,66.917,42.916,-108.93
2.381,0.52121,-3.3558,-35.656,30.204,-0.34881,-2.7395
6.0534,3.3776,3.2909,-63.664,52.596,-15.957,-126.42
6.2649,-5.4453,2.2773,-41.247,-1.292,33.368,-47.443
4.016,1.9813,1.6158,-62.217,9.4287,-29.352,-4.1441
-9.8055,-1.9305,0.73148,-9.2395,79.933,75.015,-65.678
-7.4818,5.4312,2.2107,-70.969,-0.25098,55.812,-43.929
-3.9875,-7.3541,-2.2412,-87.484,-12.54,8.7932,-127.53
0.75455,-6.5881,1.8778,-70.799,-19.929,27.185,-34.935
0.96099,-9.2963,3.2728,-27.302,6.0832,19.66,-120.48
3.3683,-5.6778,-4.011,-57.898,21.155,-10.006,-14.361
-0.58463,-0.12252,3.5935,-2.2541,-8.1329,87.182,-88.244
2.4631,0.42309,-0.55058,-64.399,21.263,85.085,-19.557
7.4943,4.5237,-4.0519,-40.943,-18.39,54.392,-117.71
5.8735,-0.034422,-1.4122,-8.6739,-9.2583,-15.75,-122.41
-0.88516,4.5899,-3.9504,-70.115,36.003,55.555,-115.42
7.8683,-5.1621,-2.9667,-7.5729,70.291,-22.91,-16.85
-6.4842,1.9739,-1.4704,-41.727,22.36,67.095,-110.62
-0.85101,6.6423,0.10074,-7.1939,66.868,26.766,-121.42
-3.7384,-2.3561,-2.3967,-53.822,80.977,2.8184,-9.1633
3.7123,-8.1076,-0.63148,-65.437,39.417,12.061,-118.9
-3.7821,1.0184,-2.8349,-63.589,45.352,-16.918,-81.454
-3.2918,-2.8195,0.57467,-77.013,-11.285,-18.805,-89.937
-6.2991,3.1197,-3.4011,-60.189,9.2738,2.0869,-28.324
5.5056,-8.9897,-1.7235,-67.013,68.053,9.5152,-35.953
4.7379,0.15126,-2.0046,-64.149,40.866,-5.5813,-101.03
1.3945,-6.7787,-4.3867,11.505,45.428,89.288,-56.145
9.0106,8.0459,-0.52116,-3.3374,-1.1137,18.08,-99.411
5.6437,3.1546,-1.354,-4.9737,-6.2682,7.6486,-50.388
-8.5822,-3.8058,2.5151,-8.4353,10.145,66.651,-96.689
2.5374,4.868,-2.9673,4.2252,79.982,-12.221,-57.879
5.1707,4.4486,0.39576,13.547,18.561,-25.471,-70.904
-8.4174,-1.699,-3.8988,-78.01,-23.065,74.022,-66.997
2.2364,3.4623,0.26835,11.122,9.8118,87.562,-67.441
7.6171,-3.5298,2.0519,-9.28,61.088,-12.543,-0.31948
2.2452,-1.657,-1.8876,-48.617,37.228,61.659,-41.886
6.8185,-6.4302,4.2765,-63.609,45.094,-8.009,-100.7
0.83557,4.2653,1.7133,-45.567,28.758,79.011,-50.272
3.4584,-9.4115,0.48294,-37.719,20.191,39.684,-113.99
-9.845,-3.2523,-3.3856,-6.3754,-21.2,24.324,-53.236
-6.1445,-5.7026,4.2969,-0.8092,25.842,3.4367,-90.461
6.2267,3.2591,-2.5601,-31.917,44.583,80.765,-5.5398
-7.0421,7.4856,-2.6204,-44.099,61.704,70.093,-109.77
7.1645,-6.8633,4.8463,-38.534,-23.562,47.028,-42.377
-2.7593,6.6283,3.5546,-76.402,-4.6396,43.298,-0.347
0.45461,8.146,4.2804,-64.39,48.545,-29.238,-127.7
-1.2265,-2.8722,-4.889,-25.477,82.497,57.788,-55.572
8.8859,-9.7161,-1.8999,-36.592,22.768,2.7056,-52.759
-0.23878,9.8501,-3.882,-34.066,5.5775,76.737,-72.051
0.96969,6.6452,2.1741,-67.004,62.773,35.465,-72.959
-7.9209,0.44098,-0.47849,-75.346,77.42,23.172,-20.032
8.9248,2.1656,4.8148,3.1575,13.067,62.358,-117.11
-1.4016,4.742,-1.6671,-89.641,-10.177,44.935,-96.067
1.7906,3.2891,4.4846,-28.284,20.953,49.005,-121.7
-8.6281,7.1705,-1.9871,-77.024,71.483,-12.761,-114.64
-7.0794,3.0229,-0.74276,-30.378,38.482,1.8839,-44.201
-5.492,1.9142,3.7798,-8.9376,39.145,7.3796,-12.899
8.0983,-2.6266,2.0567,-87.62,17.16,69.763,-72.275
-2.2218,2.1456,-0.39193,16.694,-4.4859,88.12,-33.085
2.378,2.1627,2.0537,-71.924,-0.53014,15.915,-63.324
-3.4148,3.6855,0.74144,-54.573,-14.043,-12.525,-126.29
2.2624,6.9837,-3.8533,-54.326,6.373,-6.5039,-128.22
0.017599,6.7468,-1.6528,-82.085,24.032,10.483,-30.032
-8.6823,-2.5769,0.56254,-13.662,52.69,75.982,-0.57274
0.84852,2.1033,-0.6615,-32.278,-16.653,71.76,-2.1599
7.3215,3.0653,0.04852,-25.899,8.2017,26.606,-85.134
-0.059235,2.1232,4.5491,-81.204,-6.9253,55.558,-61.807
-7.7657,5.3215,1.8274,-51.203,45.418,-6.801,-33.236
-3.8119,0.92796,2.4263,-30.353,58.483,65.036,-117.1
7.1634,-8.4847,-4.7171,6.3482,-3.8581,49.639,-98.593
8.6276,0.8963,-3.8273,15.217,24.954,46.749,-15.353
-9.7527,4.5198,-1.5065,-31.369,23.519,61.702,-126.66
7.8206,0.041906,-3.4845,-82.839,-27.761,-26.857,-24.061
-6.5491,6.8716,0.27074,16.914,14.491,6.9577,-43.471
-4.7993,0.60156,-4.1918,-35.763,21.073,64.863,-86.666
-0.97188,9.2776,2.4949,-62.899,15.552,38.189,-122.67
-1.6543,6.7486,-1.0003,-25.275,63.36,-16.71,-76.422
-9.219,-8.2755,1.86,-5.5284,16.353,-28.697,-116.82
8.8491,9.7938,3.9093,-34.296,64.346,-5.7882,-43.035
-4.2631,-9.6662,-2.1448,9.2159,-27.572,83.314,-82.205
-8.5258,-1.3792,-2.1012,18.35,54.213,55.346,-118.98
-1.1855,-7.878,0.090003,-50.198,7.8793,33.921,-15.175
-1.1904,4.014,-3.5823,-29.635,9.4748,73.276,-4.6427
-5.0328,-7.0536,-1.205,-69.339,-22.381,58.65,-32.652
-1.5613,7.0835,4.0044,-14.557,16.524,60.604,-115.99
-8.0597,1.2461,2.3201,-40.216,27.989,13.718,-120.95
-4.7597,-5.9394,-3.1251,-86.877,9.3839,45.24,-47.851
1.4578,2.5456,-1.8579,-44.096,-3.0362,-25.767,-19.22
-7.1037,1.8644,0.68439,-27.618,9.4468,-19.057,-96.097
-4.2116,4.0976,1.7298,-63.953,14.589,29.823,-6.7213
-1.2115,-6.8219,2.8733,-50.275,68.816,43.828,-63.404
3.6454,0.98523,4.4552,-78.732,55.693,1.8043,-13.645
3.7642,3.5406,-2.4197,-83.121,61.634,86.217,-4.126
7.323,2.9537,1.6957,-89.009,72.851,50.353,-63.07
-2.8307,0.34799,-4.6919,-21.909,51.809,-16.17,-13.864
5.8338,9.5445,4.8809,-68.618,-17.238,4.3123,-122.02
-1.8924,9.2311,2.2611,-47.399,38.451,23.962,-6.8652
4.6186,-1.2378,2.6906,-18.173,3.1483,48.714,-112
2.3997,-0.94191,4.6847,-73.314,-10.164,65.623,-118.27
6.0914,-6.3697,-0.06841,-42.961,3.3046,-13.644,-122.92
-0.79453,-1.2407,4.485,13.653,65.988,-14.563,-31.763
-2.7749,3.8069,-0.32711,-10.136,77.101,-22.604,-108.61
0.3314,-2.2772,-3.4347,-87.121,24.958,-12.689,-61.618
6.5623,4.7348,0.93011,-70.956,-1.6918,54.27,-76.979
4.6195,1.8774,2.9529,-58.826,51.822,-11.637,-34.75
-5.0167,6.3679,-3.4032,9.2788,27.064,75.071,-1.8318
-6.4688,8.5469,-1.0591,-52.543,16.845,58.871,-68.821
6.0172,3.2394,0.11853,-73.318,7.5895,-9.1391,-11.834
-5.23,-0.99183,-2.0443,-12.076,15.578,36.05,-127.56
5.9858,7.6196,-0.44203,-82.404,12.181,-26.94,-78.854
2.2179,0.87092,3.0456,-63.015,30.951,53.386,-10.424
-1.2495,9.4944,-0.88175,-1.5906,46.52,39.116,-110.15
5.8629,9.5611,-3.2308,12.246,10.815,29.116,-86.439
-6.8855,3.7929,-0.082838,-87.919,-9.3781,-3.4623,-61.057
-1.8013,8.7619,3.6363,-6.8292,0.1312,78.162,-67.541
-0.77244,8.2388,-1.4441,-76.315,43.192,88.38,-125.52
-9.1742,-5.8236,4.8068,14.017,37.371,-2.1995,-89.809
2.1499,8.2553,0.69313,-82.53,53.564,17.257,-9.0392
-7.7255,0.84334,4.4344,-0.99925,78.12,7.9452,-49.756
-7.4596,6.9216,2.4744,-16.208,70.067,33.383,-15.691
4.3232,2.3573,1.7687,-67.914,24.404,85.502,-15.565
6.3565,1.8789,3.1191,-46.606,5.9171,29.514,-128.23
-7.9778,-0.11598,-3.7585,-21.56,66.444,34.273,-97.335
4.5434,9.9987,1.3643,2.7312,15.61,37.566,-41.083
4.6342,2.293,0.55922,-48.569,15.693,-2.2105,-59.681
-1.5869,-3.9864,4.4768,-87.153,1.4136,61.205,-29.49
4.7965,3.2143,-2.04,-58.785,-27.969,50.925,-127.34
7.7931,0.25155,3.2947,-14.285,71.243,-11.956,-118.68
3.3215,8.0343,4.287,-43.261,70.898,45.723,-121.01
-6.882,4.4415,-4.5401,12.328,80.946,68.388,-129.63
8.9253,-5.2213,3.5315,-73.864,44.799,65.565,-107.64
6.0395,-5.012,1.9492,7.2926,-9.7528,74.221,-2.435
-5.0362,7.8838,-4.6765,-46.164,38.715,-14.973,-96.344
-6.0764,7.8284,3.0105,-86.157,37.982,65.793,-112.84
-3.71,-1.2665,-1.0321,1.8941,1.7154,-3.0901,-111.31
3.41,2.4144,-3.4375,-8.2957,29.315,50.572,-41.087
6.9806,5.0407,2.2552,-57.193,9.4138,62.786,-38.831
9.1368,9.517,-4.5066,-46.109,-22.404,50.994,-128.3
-5.4511,4.3449,-1.7036,-16.63,20.93,22.347,-18.881
3.3007,9.1603,1.7153,-2.6219,18.906,19.881,-121.31
-0.63912,-8.8365,2.0822,-51.974,71.729,67.041,-113.08
4.3632,1.7004,2.1606,-23.442,43.033,0.31613,-26.574
-5.5147,4.7904,-0.14677,6.0039,51.785,7.3395,-14.601
9.9588,1.7623,0.44309,-17.922,54.093,38.39,-19.442
-4.0774,0.86635,0.49986,-13.634,78.533,12.685,-105.3
9.162,-2.4424,-1.2576,-63.7,28.339,76.858,-120.51
-7.4095,9.2311,2.6838,-36.633,8.9323,8.5529,-68.073
7.5965,6.9682,3.1567,-18.982,8.844,82.819,-92.659
6.6693,3.2763,-3.3815,-44.77,64.421,86.523,-91.156
4.5691,-9.5829,1.6194,8.2752,29.18,70.047,-87.66
7.7013,-4.256,-2.8713,-65.531,1.4511,71.718,-110.36
-5.6171,-1.3982,-2.6241,-50.583,60.819,22.852,-95.179
0.81626,0.16485,1.656,-59.231,59.279,52.344,-69.183
-6.412,8.5915,3.1612,-12.518,21.215,5.3729,-40.151
-0.23423,6.1822,-3.7152,-53.577,39.979,56.317,-125.97
-0.49707,-4.4688,-2.5512,-11.195,-12.626,-28.043,-82.373
-6.1972,-6.6053,-0.41993,-19.721,81.797,58.038,-100.72
0.34985,7.6951,0.31429,-31.527,6.8588,56.54,-12.314
-3.7968,9.8307,0.89341,-28.729,56.83,-23.965,-29.722
-1.488,-3.5917,-2.3915,-51.789,18.784,-14.645,-84.701
3.4142,-8.6394,2.2379,-52.32,-14.933,5.0783,-127.44
-7.1278,-9.6645,-0.03124,-39.65,-24.004,19.04,-106.21
-6.0211,1.1866,3.4663,-35.553,45.743,10.956,-90.94
-2.0551,-6.5548,2.7058,-51.412,40.737,-23.641,-69.481
-7.8443,8.4649,4.6181,-89.796,77.5,31.831,-24.875
0.060758,2.2085,0.67936,-11.606,-8.513,-23.922,-16.769
-2.6893,-1.6814,0.49667,-33.096,68.427,45.749,-106.64
3.2126,3.1881,2.6518,7.4151,22.408,-25.771,-45.978
6.5043,-2.8296,-2.0331,-40.7,81.292,69.11,-112.89
-1.0432,-3.1865,-3.1431,-50.763,34.796,22.992,-49.187
-7.5975,3.5115,-0.33158,-87.599,-13.361,80.45,-92.179
0.9946,3.8431,4.4187,-54.804,82.535,46.974,-110.85
-6.5125,3.2443,-3.0106,-43.411,74.633,60.826,-76.259
-4.223,-5.7837,-3.3602,-75.136,48.132,73.741,-95.621
-5.635,9.5358,-3.1378,-42.015,40.546,43.851,-129.19
9.2212,-3.0311,-1.4064,-38.952,-28.421,34.469,-29.336
0.98658,-5.1761,-3.0189,4.445,60.004,22.731,-96.772
8.1623,9.0616,-4.748,-76.01,83.162,-26.023,-59.533
3.4519,5.0702,1.2858,10.909,15.477,36.53,-29.949
-1.6402,6.3539,-3.276,-66.85,-22.902,3.9712,-35.509
3.4433,-8.256,-3.4559,-17.564,32.323,41.392,-21.847
-0.98307,7.9334,-2.6122,-47.92,14.856,66.318,-125.67
3.7936,8.414,0.10741,-0.65662,6.9767,-10.645,-34.585
-1.6643,-2.9426,0.31579,-31.178,34.65,-18.541,-59.423
0.39014,-0.047798,-0.37015,2.1663,52.862,40.27,-67.367
4.7675,-4.2109,1.8221,-25.925,74.991,-24.32,-129.03
-7.8894,6.0541,-0.94546,-33.027,28.458,37.727,-24.547
-7.0616,2.8732,-1.8331,-0.14644,-16.553,63.443,-112.17
-8.0101,-5.2317,2.959,1.6031,-13.802,8.8476,-48.058
-8.7394,-5.4321,-4.7582,15.411,65.952,1.679,-103.42
-3.4127,5.0458,0.5027,-57.785,39.501,-27.339,-52.684
-8.4634,-6.3584,-0.25023,-61.087,-2.8024,-25.531,-22.946
7.045,4.9562,3.7201,-35.65,5.3996,-23.514,-47.4
-0.21841,-1.7457,0.84054,7.4522,12.442,11.819,-81.399
-9.63,-5.7443,-2.4957,-64.781,-10.153,54.501,-69.559
-2.2153,-7.3889,-4.476,4.4594,44.922,81.111,-89.922
-5.7358,-9.5949,4.5363,-34.735,-6.1417,22.831,-14.509
5.4175,1.9205,-1.7176,-33.779,73.07,-19.812,-50.157
7.9843,2.9402,2.3253,-64.607,30.91,76.175,-39.74
-7.3849,3.6686,1.5023,-9.9709,39.42,-22.91,-104.06
-3.2789,-7.3404,0.45231,-13.037,-1.0056,-0.79586,-99.947
-8.3086,-5.2816,-1.9057,12.756,-7.4813,-28.027,-12.234
3.9331,5.3478,1.8923,-16.735,-8.991,23.898,-4.9083
4.4172,-9.3057,2.3479,-68.909,3.4175,9.227,-94.071
1.942,-0.47881,0.18741,0.6742,22.502,37.921,-42.977
-9.9706,-2.0417,-1.0016,-11.804,53.714,-12.1,-87.598
4.5222,-0.14356,-0.27402,-52.425,-20.45,-19.471,-98.776
-6.6879,-2.3405,-1.0728,-45.482,86.335,-9.3691,-109.94
3.203,-0.088091,0.79389,-59.496,-17.713,51.032,-15.388
-6.0524,8.6586,1.6284,-42.037,61.272,10.422,-2.0673
1.9872,-3.2775,3.5233,-13.691,48.824,-2.7355,-123.84
-0.63596,0.48347,4.3487,-46.867,63.692,-13.602,-12.572
-4.1702,-1.6251,-1.6481,18.525,25.333,46.404,-109.9
-6.1403,-3.8072,-0.65744,-83.606,48.196,44.032,-22.579
5.9041,-8.2855,4.8693,-64.721,15.242,-10.96,-119.96
-9.2516,3.8184,-3.4488,-88.594,10.228,-22.158,-110.77
-9.4134,9.1983,-2.9214,-46.378,77.299,5.5936,-100.84
6.8557,-6.2281,-2.4386,-55.091,-14.701,45.635,-50.065
3.0999,1.381,-1.4431,-44.66,-28.486,76.243,-19.987
7.108,4.972,4.7309,-24.768,39.17,36.43,-37.764
0.020845,5.4138,4.1433,-88.028,31.024,80.669,-95.4
-8.3273,2.0211,2.5758,-62.856,43.607,32.771,-16.823
9.0711,9.9994,4.6994,-66.687,-18.628,-22.379,-81.152
-3.8888,-1.6128,-2.3063,11.975,-5.4283,79.607,-37.526
-6.9299,7.8087,-2.5984,-5.4918,-9.6483,81.612,-9.1456
-7.5958,1.8445,2.1594,15.163,-26.165,75.368,-105.67
1.1002,-8.1342,0.89948,3.954,-6.0761,55.638,-35.45
-6.0892,9.0469,0.13297,9.8888,73.649,-0.95023,-16.44
-7.622,4.6857,-1.0321,-77.168,34.153,-22.03,-80.664
-4.3729,5.2704,-2.2393,-60.61,56.888,56.753,-94.385
-4.3329,-9.5906,4.5667,-34.683,29.736,80.437,-51.871
8.2576,2.0605,-3.1822,-0.26259,-14.54,36.244,-126.55
-6.5139,-1.5217,3.7033,-68.903,22.298,30.878,-89.617
-6.6468,-2.2027,-3.1429,-55.751,5.2164,26.609,-19.368
-7.6509,-9.4921,4.3427,-47.353,70.378,76.979,-79.495
2.1242,-6.4962,4.7696,-81.645,23.064,86.54,-124.29
-6.8838,-9.0911,0.85679,-78.718,43.235,45.916,-104.43
-8.3463,-2.097,-0.66844,-79.344,58.657,-7.9699,-88.602
-1.412,9.4005,4.2701,-10.716,-14.469,76.389,-110.7
-8.5556,-1.8588,2.2072,-30.825,14.12,90.996,-10.74
-9.6632,-5.012,-4.6065,1.4318,-29.462,62.387,-26.459
-8.7554,-1.2327,-3.1229,-45.448,-9.2064,8.9636,-87.04
-7.6402,3.0761,-3.637,-64.943,-13.044,-11.453,-89.756
-2.2321,-7.5857,-4.8739,-21.191,-25.326,58.827,-31.303
5.8173,8.1215,3.7333,-39.004,-18.298,76.565,-94.694
8.6772,8.8725,4.2503,-73.996,-15.271,46.623,-37.121
9.4799,-8.0863,1.8288,-26.411,4.2049,7.8898,-29.134
-2.1176,-5.5584,0.50212,15.117,27.158,31.017,-63.755
-3.7164,-7.4589,3.336,-25.156,15.019,68.604,-99.904
6.4954,0.10409,1.6016,-69.437,-4.5208,-21.891,-13.036
7.9235,-3.6204,-3.6111,16.145,14.312,69.481,-85.685
6.9641,8.053,4.8123,-60.765,69.059,-11.22,-106.48
3.4851,0.31726,-3.7583,16.363,37.934,40.694,-59.16
-7.025,-8.0656,-3.4998,-17.234,68.491,-8.3801,-76.532
4.5597,-8.6373,-2.9209,-22.787,-20.341,22.265,-5.553
-7.6199,3.1851,-2.1297,-73.194,-3.203,60.244,-109.86
7.9906,2.9056,-0.90992,1.0854,3.9227,-9.1189,-58.137
-0.46682,-1.6722,2.5678,-87.997,53.556,59.36,-72.437
8.6074,-7.0881,4.3957,-12.406,-15.893,50.149,-65.388
4.5558,-8.6904,-3.7353,7.6162,-10.035,50.624,-40.938
9.0868,-1.5442,-0.17795,-16.75,-14.908,74.465,-98.412
6.3382,5.9793,2.9629,4.7489,80.26,-1.6425,-59.056
-9.0128,-7.5214,0.67309,-44.626,43.953,-7.1698,-20.03
4.1259,3.6261,-4.6319,-73.819,-2.0627,-9.5778,-58.875
-1.1677,-7.1865,-1.3326,17.214,82.566,15.83,-44.894
-5.761,-2.4875,3.7961,10.915,-22.183,57.452,-78.464
-5.6127,0.68163,3.3884,-74.487,10.578,32.02,-96.658
-3.1241,-1.3606,-3.818,-32.592,-15.745,22.487,-19.288
2.7545,-3.7224,-3.5377,12.422,65.397,5.0492,-48.236
-2.108,-8.631,2.1386,5.9366,76.402,7.6467,-63.803
4.025,3.6717,3.7018,-82.404,5.9769,57.882,-5.4111
8.2681,-3.3489,-0.79491,-37.377,-11.012,43.828,-81.516
8.0929,-5.8313,1.3496,-12.331,3.8657,-20.014,-115.28
-2.3072,-2.7201,4.9207,18.134,57.577,45.534,-37.979
-0.20742,6.595,0.67998,-40.271,-22.484,42.507,-5.6452
-2.9905,7.2988,-3.7573,-62.267,49.927,-17.062,-66.272
-9.2871,-6.8329,4.8281,-32.9,38.32,28.86,-119.93
3.8746,-0.038836,4.2078,-53.337,-5.6435,75.965,-9.355
-9.2346,0.095592,-0.075106,3.809,-29.095,64.122,-52.97
9.3892,6.1301,4.5578,3.4344,40.404,-15.244,-73.688
7.5434,-0.98215,1.1642,-14.669,67.017,28.569,-79.892
-7.2791,-9.6127,-3.9085,-7.4529,41.831,65.188,-73.045
-7.8163,-2.229,-1.8762,-1.1267,27.84,51.591,-16.927
5.1824,-7.7636,3.0816,-82.53,53.759,17.856,-79.043
8.0043,4.7665,-1.7539,-37.516,63.094,77.118,-23.56
5.1771,1.3856,1.6518,-64.462,15.357,80.111,-78.355
1.1704,5.652,4.817,-12.033,11.126,20.519,-95.167
-0.85245,-5.135,-2.0263,-20.961,29.831,27.079,-69.538
-7.1704,-3.2855,-1.2525,4.6911,23.498,54.621,-2.3172
9.3959,9.9877,-4.0929,-52.319,2.2259,21.258,-44.573
5.9687,-6.8962,3.6337,-5.7459,33.797,-6.6762,-127.02
-3.8985,2.3979,-0.98304,-3.3645,44.589,1.2962,-92.875
2.0733,-0.043174,0.58282,6.9415,7.6425,-12.995,-115.09
5.4707,3.0466,4.359,-47.334,-4.4725,50.574,-25.913
-1.2731,-0.34692,-2.0023,-8.5724,-18.39,59.078,-121.9
-0.91728,-7.9929,3.177,-5.827,36.312,8.6879,-42.98
-6.3122,1.697,-1.1318,-81.522,19.849,56.69,-90.384
1.2513,4.1607,4.98,-61.443,0.51182,0.4934,-42.258
-6.1916,-8.3182,-4.2524,-77.203,81.479,10.722,-22.102
-0.65937,-1.6032,3.7768,-86.745,47.443,-9.4455,-4.2189
-6.0529,-1.6418,4.2986,-64.524,29.083,-1.1112,-107.4
-1.3869,-4.6711,-1.7292,-4.7712,46.819,73.324,-124.64
-0.7524,4.482,-3.8532,-12.242,32.121,-14.418,-35.624
-2.1271,-1.9809,-2.2434,-63.795,-3.2008,55.379,-85.874
7.7457,-8.8401,-1.7197,-42.464,-12.946,7.6009,-21.071
-0.70589,0.63312,-1.244,-49.37,41.759,-2.8424,-120.18
1.6316,9.8211,1.2114,-35.685,53.09,77.467,-19.648
-7.5742,2.5989,-0.54088,-5.8204,80.828,64.581,-114.06
7.5177,6.822,1.9553,-84.693,69.612,21.627,-44.708
-4.9794,9.3748,2.5918,-16.985,75.324,73.689,-1.8723
-7.9084,0.11838,0.35338,-43.996,52.376,-29.309,-79.741
2.9639,-0.20583,-0.10057,-3.5177,63.493,14.829,-119.65
6.0348,-3.9277,4.2185,-63.097,16.309,88.389,-35.079
7.8509,2.6338,0.95389,-66.754,46.23,-23.979,-115.68
8.6159,4.5247,-0.61179,-9.9717,-29.365,69.942,-33.259
-9.2565,3.2377,-2.7869,-32.508,48.647,69.536,-14.86
-6.4961,-5.8062,-1.11,-24.344,9.4993,10.727,-80.58
4.8723,1.3128,-3.9494,-0.8652,-1.0504,31.73,-79.492
8.2333,2.5634,-3.5862,-64.215,25.212,1.1237,-70.87
-3.7596,9.3676,2.027,-73.128,-23.778,52.737,-48.105
-0.33276,-0.72424,3.9286,-39.473,-20.167,57.252,-119.16
4.6713,-2.3847,-1.8716,-45.161,10.015,-23.629,-23.545
-9.257,6.3706,0.16124,-27.114,54.974,77.249,-85.625
-8.4419,6.8319,3.474,-49.836,82.493,-28.607,-58.315
4.8254,-8.3345,1.0149,-1.2135,-18.545,54.807,-84.557
-4.759,-0.34477,4.5517,-17.792,36.752,-29.376,-95.525
-5.498,-7.3959,-2.4886,-42.333,64.375,58.541,-20.068
-7.4035,-2.402,-1.6988,-79.959,29.727,9.5392,-117.69
2.5174,-9.4924,1.7602,-6.3676,82.305,13.196,-11.77
6.5501,-5.5923,4.9538,-86.682,-29.244,-13.266,-30.322
-8.433,-7.6106,3.886,-85.977,63.271,27.844,-38.347
9.5138,-8.8824,0.018043,-82.871,-27.276,22.288,-32.448
2.368,2.8174,-2.5779,1.242,59.239,43.181,-114.97
7.8253,-4.346,-0.39103,-75.546,69.158,1.1276,-1.4276
1.1757,8.9156,-2.1643,-63.047,47.782,44.653,-8.3229
4.4141,-1.1481,-4.0743,-60.271,4.4068,89.313,-126.97
-2.7498,-6.6461,3.4005,-62.55,17.645,16.097,-68.91
-3.9381,0.55834,1.7595,-60.739,-15.183,8.3941,-11.503
1.5184,4.6711,0.38826,-79.338,-10.54,54.282,-80.095
-3.5384,5.2947,-3.8462,-15.096,-2.9084,-28.314,-95.584
-9.3769,-9.2026,0.90091,12.301,75.007,1.0915,-81.945
2.5487,-1.0686,3.427,9.9077,-9.2152,-11.098,-90.548
0.86659,7.0525,-1.2725,-84.327,11.736,-21.991,-112
-3.0242,-0.083704,-4.9575,-21.398,49.276,55.947,-14.679
0.74058,-9.7896,4.0313,-69.865,-20.062,83.26,-47.41
-1.1613,-8.7022,-1.1995,-24.083,-0.55267,5.8746,-46.444
-6.9575,-0.16349,1.0919,-16.438,45.458,63.159,-93.882
-1.4522,9.4726,-4.2752,-55.484,46.442,50.338,-32.109
-2.2393,-6.2624,-2.624,-53.159,49.099,-14.928,-121.55
6.9407,0.15974,4.6207,-40.052,69.098,-24.471,-69.489
-7.0132,2.1409,-2.5706,-73.264,42.928,10.109,-79.844
8.0244,-8.9378,0.07002,10.946,51.885,-13.422,-1.6518
3.7348,-1.7226,4.4411,-12.161,-6.1024,53.103,-111.56
-4.0971,-3.9308,-3.7196,-71.94,22.678,84.255,-121.46
-2.2799,-6.9426,-2.5434,-12.338,63.239,63.882,-67.043
4.1856,-2.3411,-1.1864,-41.006,57.183,44.546,-93
2.4831,-7.8574,1.0069,-31.938,-15.31,85.741,-50.109
6.8359,-1.1437,-0.90672,-0.89772,-9.5164,21.592,-3.2111
8.0638,-4.8333,2.8914,-41.297,17.243,53.585,-31.782
4.0983,-8.5078,-1.8146,-63.215,57.681,-8.0414,-101.53
-1.8072,-0.87501,1.8517,15.014,20.926,-24.165,-79.732
-2.5892,1.0425,-1.359,-37.765,77.583,14.955,-106.97
-1.8121,2.8831,4.8038,-85.266,-22.608,51.204,-9.9129
-6.1901,-3.0878,0.71677,-76.315,-10.913,-6.2909,-93.825
-6.6121,-6.8721,1.7882,-26.325,61.298,-26.709,-45.185
-0.31974,1.6926,4.8273,-51.859,39.382,19.112,-83.877
-1.5501,-4.9985,-2.9022,-66.276,52.304,-16.081,-82.885
-0.26787,5.36,1.5334,1.7918,0.9102,54.727,-5.1548
-1.174,5.3768,-2.1531,-78.428,9.98,-3.1754,-70.262
-9.4444,-3.9056,-2.5492,10.205,-0.67993,70.936,-52.054
2.2529,6.4691,0.39022,-58.944,28.157,18.142,-21.104
6.192,9.5733,-1.0257,-86.296,-17.511,53.724,-87.866
-7.6514,9.8162,4.5228,-1.6051,28.324,48.2,-97.787
-0.53216,-9.7053,-0.24639,-37.996,54.129,84.587,-129.13
4.1276,1.7636,-1.1607,-4.6047,38.438,-20.639,-90.247
-1.7826,-4.8811,3.6313,-57.915,-4.8917,18.091,-61.568
2.846,-4.4935,1.6862,-57.21,-27.328,17.884,-78.984
9.3193,0.081362,-4.7822,-5.1,31.077,1.3804,-93.214
3.2316,1.1192,1.1008,-15.415,44.351,37.986,-67.786
-1.5506,-9.177,4.245,-60.969,63.795,29.784,-71.69
8.5431,9.8577,2.1624,-85.703,-18.194,-29.004,-90.3
7.1828,-0.56395,-0.088004,-27.013,-7.9705,25.913,-23.948
0.55157,5.8211,-4.9822,0.62834,-21.806,82.867,-17.597
1.9032,2.2193,1.2016,-81.203,12.845,24.733,-11.444
-4.1016,2.6343,0.83133,16.795,33.791,1.0331,-124.27
-9.5036,-1.097,2.2755,2.7206,-16.658,12.102,-0.71705
-6.8066,5.0548,-3.5091,4.506,0.19392,-1.3788,-59.368
0.66833,5.4396,0.92655,-47.26,22.846,-14.269,-123.03
6.9458,6.0602,-1.7727,-41.938,-24.724,-12.713,-52.592
-7.4792,-1.1771,1.0623,-41.905,64.889,48.217,-54.305
-3.1297,8.2338,-2.552,-77.591,42.038,-4.9499,-33.808
9.4535,-5.7032,4.1401,-11.528,51.109,-21.516,-100.81
-5.9163,1.3185,4.2947,-28.759,-1.2455,-21.434,-7.7079
-8.0502,-7.0205,-3.8396,-26.788,49.198,-28.998,-58.262
9.0266,7.4652,1.0538,3.4546,60.786,74.928,-7.2685
3.4327,4.006,4.0973,-58.469,56.392,-1.0238,-16.483
-2.5494,9.5153,-4.2347,-65.112,27.465,13.085,-111.56
8.9561,1.522,-3.4039,3.2235,47.986,65.16,-67.291
6.3656,-9.214,0.20426,-14.672,16.916,15.914,-104.74
2.6583,1.9347,-0.99898,-18.639,25.944,49.113,-3.3422
-3.2128,2.3722,1.5353,-48.22,59.946,9.414,-13.405
-6.907,6.0369,-3.8886,-32.489,-8.1085,86.95,-68.056
8.935,-1.7789,-2.5702,-69.658,53.905,78.281,-83.882
9.1779,2.4189,-4.0458,-63.741,-11.394,-2.264,-32.333
-3.4699,4.9361,3.0217,-1.8722,24.594,22.411,-10.323
