-6.0296,2.477,2.7382,-89.893,14.586,3.0486,0.046955,-6.1773,23.518
5.629,6.9727,-0.49505,-22.67,12.677,71.039,-94.903,5.492,34.149
2.4561,1.2353,2.2034,-43.831,64.302,25.257,-130.08,-39.174,49.02
6.7537,4.507,-0.82496,-55.565,7.7529,37.965,-122.6,30.296,-28.769
5.1536,5.8686,-1.1239,-46.252,27.533,19.014,-75.284,-17.295,-20.917
-6.2453,8.1746,0.67776,-67.268,54.825,31.007,0.085825,17.701,-47.894
3.778,5.5271,2.936,4.9648,83.146,6.1969,-130.05,5.7494,17.697
-6.5824,8.8373,4.5787,-80.874,-23.41,20.07,-60.547,20.382,10.33
2.5069,-4.537,0.1438,7.3654,-8.7224,83.059,-72.886,-28.936,-47.754
-9.0073,3.397,4.7636,-40.82,-20.211,8.9393,-130.05,6.9765,-3.6038
0.10365,1.3808,1.4348,-78.698,10.806,23.056,-29.681,9.6741,18.741
-2.0813,-2.0785,1.9162,-83.84,83.926,-14.705,-84.522,-38.986,-19.162
-0.21247,-1.1114,3.2078,-90.003,64.67,34.877,-25.976,-1.3733,-5.5048
4.827,8.8832,2.9902,-67.166,-19.12,90.421,-101.88,17.074,30.865
4.9719,-0.46628,0.15477,-43.438,20.897,-9.0347,-78.369,28.893,37.489
-7.2037,1.667,-3.0443,-90.001,-22.403,91.838,-40.735,-31.727,14.998
-2.0586,-5.6045,-2.5891,-43.296,-25.998,17.627,-72.86,3.127,-43.101
5.7284,-6.2237,4.604,-47.359,80.151,41.993,0.045273,-25.061,-49.175
-8.6138,1.0919,4.8346,-89.746,-11.056,-3.6192,-81.305,8.4855,-5.6813
-7.5601,-4.1925,-4.3736,-44.031,-22.045,-10.68,-97.48,43.004,2.7152
-2.6879,3.8845,4.4513,-90.007,60.319,46.335,-130.07,18.113,-24.746
7.7538,-6.6618,-0.73594,-90.006,38.303,82.763,-53.397,3.8953,47.096
-6.3408,3.4045,2.3568,3.2949,51.756,2.1481,-38.102,-34.638,-22.034
9.771,-9.3298,3.5895,-34.254,87.203,75.216,-5.4534,-10.45,-44.467
8.3154,-0.11203,2.0862,-85.936,69.992,0.62921,-122.88,-22.077,-45.149
0.12874,5.1219,-3.8914,-90.006,22.998,18.956,-130.1,12.192,44.084
-2.5796,-8.6997,-0.55215,-36.428,34.364,59.804,-42.865,58.987,13.421
9.5522,-5.3806,4.118,-33.148,57.124,55.006,-124.99,-1.6492,25.201
7.0337,-6.4727,2.6608,-17.837,42.3,27.627,-106.3,20.935,46.744
2.6792,5.563,4.0108,-61.549,-18.018,69.32,0.053522,27.913,43.944
0.90159,2.9058,0.95334,-89.284,20.243,5.666,-0.91925,-14.527,48.574
0.95156,-8.9263,1.7863,30.585,79.123,-5.5902,-130.09,27.513,0.11064
-9.6137,-2.9699,0.34841,-9.7622,86.314,53.478,-68.794,39.723,41.191
9.8745,-2.2275,3.7958,46.984,16.49,82.899,-130.12,3.953,-41.684
-6.078,-9.5809,2.9522,-90.006,83.903,73.525,-49.848,-7.8315,-18.713
7.9426,6.8681,-0.15031,-40.465,-22.122,20.421,-81.201,-32.685,-15.821
-1.6977,-8.9028,-2.3837,-48.407,54.746,53.6,-69.552,-44.47,-41.805
-7.8744,-4.867,-4.4497,-35.759,3.335,55.707,0.033077,4.4861,-45.699
2.0189,-5.8902,1.1928,-4.852,7.4963,68.634,-53.223,-30.842,9.867
-9.951,8.8865,2.923,-43.964,74.875,50.14,0.047955,-22.927,36.334
5.2736,-6.7115,1.8829,-5.6013,68.488,18.125,-48.772,32.967,21.631
1.1247,6.0381,1.6628,-63.027,52.405,83.034,-130.05,15.966,-30.385
5.7942,-1.9793,-4.5462,-32.999,-25.469,53.343,-105.93,-22.328,-31.722
5.9111,-9.5301,-4.6236,-42.197,82.493,41.691,-71.173,7.4557,41.076
6.2244,-9.3349,-0.84667,-8.9524,-6.9049,61.201,-78.034,-45.956,11.891
8.2869,-2.3988,-4.6538,-21.654,78.763,71.679,-95.691,10.446,-50.045
-2.3926,-3.6323,-2.4064,-89.967,21.664,-6.4948,-71.042,8.8842,17.594
4.9639,-2.197,3.4457,-39.727,54.954,10.394,-94.182,23.575,-6.7865
-2.3713,-8.539,-0.60026,-64.327,6.6952,13.878,-21.864,1.0975,-22.158
3.6756,-6.9178,4.7338,-46.99,77.146,57.469,-81.201,5.0929,-15.347
-4.1019,-3.0775,3.7471,-45.291,-5.1887,-9.9432,0.080524,40.38,39.532
-6.1319,-9.4764,-0.31888,-71.281,80.508,56.01,-73.473,-35.774,2.7199
-7.7733,6.3279,-2.5144,-56.818,66.569,30.811,-99.21,22.045,-43.963
-0.6045,-6.93,4.6201,-19.714,28.699,4.2307,0.062818,36.425,-50.252
-7.1046,4.587,-0.17923,-55.504,-1.5661,17.639,-71.526,-18.463,-23.896
1.6082,-4.234,-2.355,-45.547,51.135,39.191,-4.7925,-45.359,-23.526
9.0002,5.4667,1.3528,15.188,59.873,42.197,-105.28,-6.4378,9.7329
-3.0487,-7.1473,-0.86601,-62.257,69.145,64.586,-0.16298,36.852,-26.391
6.2881,2.4717,-1.7133,-56.437,22.055,13.501,-75.871,-44.116,20.099
8.4291,7.8517,4.9605,-65.213,-14.055,75.917,-45.546,9.5053,41.865
-3.1429,-5.2708,4.8319,-10.476,65.491,83.914,-130.08,8.3433,-17.946
-3.2457,8.171,-4.6791,-23.29,-4.4736,74.152,-53.724,-28.273,11.196
3.8055,-5.1659,-1.5691,-26.136,-21.862,3.6595,0.070601,13.499,30.608
8.1964,-5.8367,-1.1777,-34.534,60.978,-6.8277,0.049595,44.664,20.783
-1.0592,-0.26911,-3.3538,-77.764,75.99,56.595,0.046859,27.799,-40.829
-2.1675,-4.2896,-4.2292,-53.623,19.969,16.572,0.056641,-14.7,47.215
5.8078,-1.117,4.9589,-38.278,6.5656,-3.2278,-74.422,-16.749,-10.412
9.9615,8.2164,0.50962,-0.97602,-20.021,42.489,-55.595,0.62844,-11.321
3.5653,-1.4191,1.5623,-43.043,59.019,48.48,-79.796,51.124,11.606
-2.3978,4.2467,0.23792,-48.479,22.16,52.769,0.045903,45.443,47.596
2.6481,6.2294,-0.51793,-1.2006,-14.709,41.077,-104.51,-22.184,3.0241
9.6409,8.7183,0.7416,-89.644,19.835,-6.9281,-130.1,-19.641,37.732
9.3843,2.3042,-3.4369,-51.101,75.9,34.72,0.055092,3.4524,-31.542
1.1966,-1.6993,4.0549,-70.675,48.032,-0.7148,-12.802,-9.3705,30.061
-7.9871,2.8932,4.7945,-75.951,-7.4771,-25.35,-130.05,-6.6778,-3.019
3.9831,-8.404,0.10228,-28.612,72.426,48.133,-34.543,9.8638,-32.84
3.2222,5.7637,-3.7501,-25.321,77.854,-11.771,0.062874,-30.294,-7.4413
2.7599,7.9618,1.2182,-48.423,47.725,27.136,-32.616,9.8326,44.985
-5.4954,3.366,-3.4361,7.1798,-4.4552,-21.21,-92.044,-23.313,-33.512
6.8677,-2.0488,-3.9592,-52.694,13.694,92.825,-75.454,-20.256,-14.328
-4.6151,1.0706,-3.2149,33.318,-2.0963,-34.792,0.084605,5.4465,6.5758
-2.5704,-0.18757,-0.35665,-90.004,44.436,36.937,0.051012,1.6475,-37.257
-4.5945,9.9316,-0.53522,-44.51,76.415,-23.037,0.046968,-14.847,26.545
6.3228,8.9095,3.7249,-57.134,82.414,22.696,-130.02,-30.394,18.054
8.9848,-1.9204,-4.5766,-31.403,-25.917,65.658,0.064701,-16.136,-36.2
5.2773,-3.1264,-1.1693,-30.175,34.36,10.25,-130.05,-22.082,42.733
-9.4394,8.8079,0.32312,-49.388,43.078,66.916,-130.05,4.1539,35.719
-3.4787,-9.4101,1.9521,17.765,57.015,60.569,-73.045,-22.284,8.3521
-3.5134,-0.76752,1.7301,-47.262,-13.793,-31.523,-69.85,-23.194,-5.9065
9.6214,-8.9361,1.3634,58.976,2.4823,96.175,-129.92,-26.643,22.947
-3.0221,-2.0215,-2.164,-62.677,56.249,83.47,-47.613,-21.935,9.564
-9.2625,3.4025,3.5034,-71.107,13.175,18.189,-26.815,-21.035,47.451
2.4499,-1.9817,-1.4238,-39.114,57.915,57.87,0.072682,-18.329,-6.7364
1.2925,-9.5315,-4.9247,13.409,-5.9506,58.886,-80.004,-5.0739,-38.869
-2.8286,-0.3522,-0.68702,-6.8537,50.956,-36.308,0.058057,6.2761,27.706
7.7586,-4.9861,-4.3514,-69.156,62.08,73.836,-102.75,41.139,4.5213
6.9062,7.9579,4.3003,-54.842,61.239,87.277,-76.454,33.676,-5.4455
-6.585,6.4612,0.87051,9.977,28.746,-1.3496,-84.907,35.798,11.502
-8.3156,1.8377,3.7922,-62.833,5.874,70.819,-100.43,30.005,10.078
9.8378,-0.31311,1.8556,-25.399,59.461,0.94266,-99.436,-43.834,20.865
-7.9022,0.42959,3.4679,-15.117,15.347,4.0687,0.025252,14.945,5.1141
5.6906,6.6016,0.90141,-88.843,41.065,57.434,-70.067,-30.247,-23.269
2.0647,6.3512,4.5551,-17.807,45.402,41.889,0.049586,41.85,39.467
-8.4946,0.29488,1.0515,33.108,-30.361,-4.7151,-129.54,-48.328,45.873
-6.802,1.4413,0.93177,-4.8486,6.629,25.19,-32.843,-37.096,-40.908
4.485,1.4978,2.1746,60.756,21.477,81.709,-91.372,23.591,-46.017
-7.2838,-2.5152,3.6447,-84.956,-26.433,99.781,-98.576,-27.439,-5.8881
2.0691,-6.3852,3.0844,7.4785,28.55,63.12,-121.9,11.034,-34.7
-8.7456,-3.2413,-0.52238,7.522,-14.946,75.628,0.057737,-14.861,-5.7623
1.021,-3.5834,3.9735,-47.636,25.717,74.365,-129.98,25.24,6.1674
6.6921,7.3103,-4.5839,-20.938,2.6756,54.381,-76.498,28.978,2.6394
-4.0513,7.0373,4.746,-8.3893,76.959,85.42,-114.19,31.012,-9.171
-2.9935,6.9909,4.918,-43.11,12.608,-6.5856,-130.1,-1.3337,-5.0144
0.30788,7.5204,-4.3995,-23.707,7.3781,-35.632,0.091225,58.453,-44.076
-9.9007,7.0651,-0.32934,-12.75,-3.4053,79.061,-90.812,36.165,44.541
5.648,1.329,-3.0607,38.428,32.135,89.715,0.072346,-12.438,23.659
3.8717,8.7847,-0.83964,19.807,66.847,13.133,-128.18,-12.001,-34.682
3.232,3.2332,1.8224,1.9334,-25.392,47.803,-2.9888,21.749,38.868
5.7706,-0.0262,-0.62652,-90.004,1.7101,62.019,-113.22,18.181,8.2242
-4.5132,3.0992,-0.94473,-52.375,42.752,73.183,-130.1,0.43566,9.9861
4.0244,9.1136,1.374,11.532,-3.9928,33.326,0.091639,-20.355,33.368
-2.1825,1.7736,-2.5951,-3.0045,13.767,42.361,-36.216,-21.034,-22.338
8.3471,-4.4622,-2.7609,-90.006,-0.071247,12.081,-18.652,17.335,10.982
-7.0259,7.064,-2.613,-49.181,8.7115,23.304,-15.101,-31.41,17.076
-1.6041,1.9421,-4.5047,3.3601,72.806,-32.627,0.065422,-21.678,8.6666
9.3199,-0.30814,-4.3363,-27.035,9.9049,76.85,0.04217,-18.336,15.792
-8.9505,-4.0343,-2.273,13.671,42.809,34.675,-3.1671,-12.75,38.151
-4.7287,-9.4768,1.8162,-43.752,29.354,34.063,-130.08,1.0114,-19.977
-2.6296,-2.6508,-4.8229,4.3598,36.713,73.905,-130.06,-20.828,-30.627
-1.3951,-9.6166,-4.2862,-38.372,66.22,78.953,-0.059718,18.414,-36.604
2.5214,4.5651,-2.9767,22.215,87.388,18.856,-113,-5.2062,15.368
3.9312,-8.3884,-3.9581,-73.635,31.83,26.334,-125.47,18.345,2.9441
-4.8595,9.4156,-2.3665,16.839,29.169,22.081,-129.61,-81.523,-43.208
8.284,3.6013,2.7746,-9.094,-6.1483,26.216,-25.574,-36.085,6.1515
6.7919,2.3811,2.4113,-30.972,9.0137,56.803,-130.03,-20.387,2.516
-5.4739,-1.7503,-4.8478,-27.583,-22.406,18.575,-27.5,14.828,-7.4123
4.6025,-3.0729,1.521,-43.089,15.928,7.0936,-38.711,-12.868,-12.503
6.9967,0.2525,3.5523,-32.001,1.7302,45.539,-33.72,7.8629,-10.478
-9.8344,8.6401,1.0942,21.075,20.408,26.386,0.059329,16.356,1.6044
3.0206,-2.9725,-1.8712,-47.769,-12.2,7.878,-66.694,-25.756,-42.222
-8.1777,4.4155,-1.5715,-18.94,48.375,45.598,-87.885,-20.586,-40.97
-3.9901,4.3011,-1.7005,-59.778,41.266,76.982,0.047945,36.913,23.64
-3.2465,-3.3388,-4.2266,-23.467,48.841,38.588,-31.559,43.702,-14.187
4.0162,4.0812,0.11875,-34.138,59.062,69.242,-10.11,9.4293,36.589
3.673,-7.8892,-0.00014601,-83.988,23.416,63.822,0.069399,44.374,-33.234
-1.3438,-4.4443,-3.9906,-35.672,-1.3044,13.225,-37.919,7.7882,-7.9556
-6.3844,-7.5253,-4.7979,-17.695,30.617,65.246,0.060531,-4.9553,-30.663
9.5425,1.0345,-4.5633,-43.461,3.4922,49.12,-99.064,-33.092,-12.262
9.418,-7.4725,1.4647,-51,37.476,-2.1243,-22.062,-12.318,-14.289
6.3467,-3.1115,0.00026278,-54.69,38.842,43.673,-8.4037,41.814,-14.991
-4.5336,0.49761,0.31067,-13.561,82.554,-24.811,-85.507,12.46,-42.974
5.1548,8.316,1.2966,5.2094,60.622,33.23,-130.08,18.602,-36.416
6.8261,-9.2347,-4.0393,28.28,17.577,30.171,-70.656,-7.9782,16.414
-0.89261,2.2048,0.44162,-47.62,4.2942,71.101,-118.89,29.908,46.953
-6.183,7.1442,4.435,-88.703,5.5581,71.552,-34.409,1.7499,-46.999
-8.4543,5.7711,-3.049,-40.899,80.736,86.297,-32.496,-8.9474,26.186
-7.9368,1.608,4.6375,4.6548,60.494,50.663,0.063842,-29.967,-3.1712
3.322,9.4662,-2.1993,-63.13,81.608,-9.5359,-124.9,-41.814,38.578
4.4346,-9.9353,-2.9442,-20.563,-20.46,74.84,-73.634,-16.685,-36.154
-7.2028,-2.4211,1.782,-63.557,87.371,2.0424,-54.777,-8.5877,-36.194
-2.4094,-3.9309,-2.0344,-90.005,25.651,95.031,-29.881,37.978,-32.845
2.0616,-7.8373,-0.44529,9.5837,-23.258,-16.977,-93.366,28.547,2.6815
0.7062,7.8358,-3.9778,-66.126,54.246,-4.7618,0.076205,5.5293,-18.265
1.8692,1.9006,-3.2599,51.476,-23.363,-3.6313,0.050894,33.931,-34.163
3.5112,-4.3985,2.8017,-18.869,52.646,27.903,-5.2357,-17.446,3.3613
-6.575,-6.5852,1.7529,-89.349,36.548,91.673,-30.941,-11.043,2.5747
-3.052,4.9923,4.3955,-37.229,27.739,15.557,-122.92,-16.737,45.824
4.1105,9.1572,4.3831,-81.407,-11.305,74.621,-124.06,-31.777,2.8234
-2.9102,-6.2569,-1.4897,-70.572,70.241,18.076,-25.665,-20.06,33.863
-6.9342,0.51443,-2.1569,-0.15579,57.817,31.165,-114,-44.135,-22.545
-4.2803,-7.135,-2.536,-39.742,-21.715,45.292,-86.056,53.495,8.3861
3.5483,-4.3368,0.81848,14.49,67.587,-17.187,-102.86,50.329,32.587
-4.4026,3.3031,-4.7085,-43.675,33.612,72.803,0.038777,36.454,47.423
-0.825,-2.8067,-1.6344,-83.743,16.697,17.86,-119.13,11.868,-35.626
-0.29674,3.2006,-0.42013,-29.083,-26.089,68.018,0.066815,6.3395,-10.655
-8.1773,3.3496,2.311,-44.849,10.597,60.467,-119.06,17.162,-41.137
-7.1804,-4.4802,4.8784,4.9987,81.786,13.994,-121.06,9.8291,-13.674
-2.1712,4.6865,-2.0981,-80.1,5.7478,-25.433,-129.84,13.33,-27.177
-5.6188,4.4472,2.7251,15.99,44.512,63.052,-96.763,-14.923,-50.257
-6.9687,0.099997,-4.8249,-47.075,-24.437,7.2492,0.078258,20.905,31.664
-2.9449,-1.7999,-3.8492,-38.602,50.823,48.936,-2.7767,18.257,19.18
1.4132,1.5605,2.6489,-81.788,53.293,7.1373,-33.972,12.76,-10.374
0.62354,2.6878,1.682,-88.886,-9.2679,62.61,-96.23,-12.392,14.642
-0.68134,-7.8614,-3.8848,-34.796,23.791,102.13,-106.67,21.878,-44.429
-6.6502,5.1011,3.3164,-58.071,32.39,95.24,-129.51,-3.694,24.895
6.4201,-6.4271,-4.6567,-18.203,35.123,-6.5208,-89.164,25.404,13.243
-5.2618,-6.0328,-2.4396,57.026,47.32,78.059,-130.08,-23.765,22.831
9.9407,9.1704,-3.4459,-24.009,20.991,-24.5,0.077216,-5.9618,3.6971
-0.89748,-3.3461,4.4374,-81.066,21.534,51.637,-31.902,-24.023,-40.838
-5.8804,9.6024,-0.62781,0.32119,34.688,-29.828,-53.676,19.618,-5.1742
-4.3079,2.9807,-2.3119,-68.4,14.019,43.783,0.067377,29.644,-34.772
3.4575,-7.7055,4.6232,-60.744,28.834,35.837,-7.1446,-49.18,-15.834
-9.3512,8.1262,-1.3144,-15.751,84.391,-18.102,-84.27,-7.9452,-38.593
3.2223,-4.4431,1.5601,-70.148,77.701,75.033,-120.41,-15.72,30.716
1.6895,8.4912,-3.343,-36.155,1.0897,65.021,-22.606,-23.031,5.5557
-1.6033,-2.4425,-4.0415,-32.222,43.346,41.144,-122.11,2.2589,-20.102
-2.6662,1.3472,0.69285,-43.711,41.068,-32.356,-68.07,-23.156,-14.755
5.1345,-5.1783,-2.6858,-90.006,-14.07,1.367,-5.726,26.094,-22.714
2.2796,-3.145,1.8918,-69.357,7.0252,-10.347,0.088525,31.223,23.317
8.5541,5.2494,-1.2217,-26.203,54.089,46.36,-119.13,16.391,3.0988
-0.72488,-3.3903,2.5655,-8.6915,66.541,74.094,-11.468,12.448,0.027996
-5.8997,-4.7752,-4.0461,-90.005,8.9635,29.293,-47.023,-29.856,-50.22
4.4029,-6.7699,-3.8082,-24.012,-12.59,-27.673,0.063268,-34.324,-30.512
0.32842,-2.1265,4.9564,1.6665,-11.649,53.976,-117.49,-30.946,-3.6938
7.4282,4.1489,-4.8681,-51.285,-1.0624,38.342,-59.566,-4.4323,-6.7435
5.6425,8.8408,-4.5213,3.8699,26.02,0.78945,-0.80459,30.73,39.571
-6.1656,-2.4501,-2.4316,-81.631,5.1765,3.507,0.031108,-12.343,4.105
-1.8351,4.6792,-2.0023,11.524,80.259,58.691,0.062295,21.068,-48.137
-8.8981,-9.4571,4.5676,-33.23,60.418,41.333,-60.426,-17.431,35.711
3.3425,-2.3557,2.1971,-54.042,-23.199,52.552,-5.1391,-5.9815,8.4815
-7.7772,-3.3291,-4.6186,54.8,15.036,104.26,-85.876,3.4053,-31.671
8.7428,-4.4707,4.5131,34.814,11.92,-25.595,0.058872,1.2203,-39.273
0.17757,0.11226,-4.5459,-6.2961,40.431,114.9,-130.09,-5.3974,-49.248
1.4447,-3.2608,-2.8103,33.39,51.601,23.405,-130.1,-58.745,-25.802
-5.1766,1.6735,-2.9576,-90.005,52.191,78.593,-54.128,42.096,-26.905
-7.8905,0.62395,1.2061,-74.584,-6.1689,10.877,-30.508,-21.011,38.765
-0.56354,-9.1212,-0.12627,-51.761,52.447,65.379,-130.09,-9.7496,22.434
-2.5103,-9.335,-0.94507,15.652,39.216,99.856,-63.278,19.014,6.3851
-5.5824,-5.3887,-0.61757,-13.084,8.3273,2.293,0.063277,5.7967,31.057
6.5162,-7.2595,3.1478,44.973,36.079,-12.924,-121.58,14.598,21.036
-9.7773,6.3935,-4.6589,-41.29,48.443,60.565,-73.025,5.1071,38.918
-1.934,7.5615,2.0886,6.1468,-28.772,0.032638,-121.02,20.817,-22.981
7.9004,5.3734,-2.9167,-48.871,-11.677,52.792,0.044022,-32.278,-3.6254
-8.4668,-6.6782,2.4675,-22.216,6.7471,67.663,-72.282,39.542,7.1812
1.4987,-6.0187,4.5806,-21.833,-12.025,-5.2285,0.067198,40.239,30.019
5.5043,-2.9083,3.4177,-56.71,53.465,7.1158,-117.41,-25.923,43.07
-5.67,-8.6968,1.7768,-56.291,32.17,5.6935,-129.83,19.757,-48.407
6.998,0.71157,-0.66174,-85.902,30.533,76.014,-82.928,-14.899,-36.654
8.264,5.1181,-3.315,25.077,11.945,38.62,-72.938,30.879,-17.135
-0.87132,-7.4453,1.3973,-8.5693,21.357,-9.6427,-66.621,-36.057,-44.568
-3.9116,5.0951,1.71,23.055,28.04,30.619,-75.636,10.893,27.224
-0.68755,2.3311,-2.9702,-23.359,-27.846,-10.783,-93.59,26.323,2.6937
9.3326,6.6281,-0.54256,-1.6436,65.48,18.423,0.04216,-18.218,32.375
4.629,-8.9022,2.155,-63.336,87.855,41.813,0.049361,2.1806,43.587
-1.0338,-7.0634,2.7643,-90.004,-19.668,86.534,-72.297,-43.758,14.905
-0.90997,-1.049,-4.8259,-9.8698,82.27,28.776,-66.301,53.951,-8.9037
-6.5672,-9.828,-3.3176,-74.834,78.391,52.801,0.040405,-3.6192,15.851
-6.205,-5.8179,2.1431,-45.485,2.25,28.492,-81.574,-22.743,14.164
-3.6155,-3.9448,-3.5775,18.116,4.6352,70.671,-91.095,1.8429,-22.057
-1.2529,-5.618,4.1852,7.4279,-16.204,18.509,-55.697,-26.911,6.8032
-1.625,4.7856,-1.4298,-20.349,60.121,-28.596,-129.99,21.111,-15.071
1.0011,8.3203,0.22842,-60.108,22.807,57.056,0.048814,43.949,-3.5115
4.8549,3.2639,-3.8574,18.699,24.75,55.461,0.072518,-6.1832,10.589
0.95712,2.8885,-2.637,3.6562,-20.584,46.611,-2.0266,11.397,47.742
-9.4992,0.4556,4.8889,-16.583,17.835,39.002,-63.957,2.5172,-36.063
-1.8732,1.8641,3.0932,-41.329,50.916,60.529,0.036885,13.174,26.98
-5.6643,6.6742,0.04186,-57.111,12.879,75.697,-42.566,19.22,25.374
-1.52,1.2024,-4.0158,-52.797,-11.507,4.2728,-55.689,-13.092,15.7
-8.6684,-5.0299,4.0885,-1.3537,88.787,8.8108,-130.06,2.0078,15.334
-2.4118,-6.468,-4.4018,-79.985,16.034,-15.705,-17.304,-4.4646,45.567
-2.7746,5.6083,-0.54941,-71.312,-24.048,42.846,-130.07,-8.6651,42.993
0.43484,2.9047,0.10785,-4.2663,-2.2312,85.014,-110.88,-15.137,48.049
5.3738,4.8329,-2.8265,-31.585,1.4846,-21.412,-15.689,1.1777,1.9568
9.0534,-3.2879,-3.6533,2.5728,80.483,29.319,-120.71,-59.684,-31.028
6.7511,3.7504,-4.1865,-1.2738,-13.911,44.931,-105.52,-49.182,43.51
4.0547,-0.59349,-0.91304,-3.8405,28.263,-8.5057,-130.07,-23.843,-18.62
-9.4895,-5.0424,2.2346,-42.896,1.3885,-10.386,0.053732,5.7235,-46.579
-4.7017,4.8878,-3.6994,-49.061,6.7742,38.049,-130.06,-51.391,25.867
3.7488,4.5132,3.465,-36.995,71.104,-24.591,-87.83,15.721,37.357
-6.3901,6.9415,-4.5334,-7.5458,-1.9956,62.259,-94.972,-38.392,35.453
5.5542,-2.8634,-4.7498,-30.81,13.483,56.195,-130.09,3.3335,5.2241
-9.3013,-3.5262,-3.3402,63.124,20.229,60.81,-122.88,13.947,40.106
1.7381,0.84364,1.4305,-41.683,24.08,-4.1175,-130.1,24.934,-35.125
-0.41246,4.7519,2.3181,-40.515,33.962,48.271,-117.33,-3.8055,-47.081
-9.3272,8.2363,-4.0579,-17.799,32.675,-26.322,0.024308,4.8346,22.001
4.3097,5.4012,0.90008,3.0517,24.518,87.969,0.048007,19.089,9.6519
6.2339,-8.4609,-1.2904,-28.458,84.679,87.868,-35.691,-10.127,-15.258
9.847,-5.9207,-1.2592,-3.3005,-10.359,-1.7706,-130.07,-37.373,-17.47
0.10378,-4.5227,0.66321,-89.849,43.86,15.063,-88.829,-13.611,-21.591
-7.3972,-5.4195,-3.93,-76.556,-7.2587,56.086,-104.83,-2.6271,43.95
-5.0176,8.7162,3.0316,36.656,-22.386,63.762,-91.79,32.846,4.0551
-2.6555,7.0556,4.8436,-90.004,12.772,90.333,-95.025,-16.345,-39.354
8.7289,4.0105,-2.5702,-16.063,9.2371,16.215,-31.429,-21.07,-21.408
8.6484,6.7535,-2.0934,9.0342,56.263,72.36,0.061479,-46.51,47.7
-4.1074,9.0123,-3.229,-79.565,74.772,82.758,0.046009,-46.876,14.396
2.3808,7.8783,-2.908,-43.728,-29.582,-24.186,-75.291,-22.559,28.061
-7.2895,1.2837,-3.5376,13.136,-26.413,62.531,0.06929,30.959,-44.093
0.33501,0.76552,-2.2877,-52.901,31.592,29.658,-112.39,-30.236,-29.105
7.2913,0.5254,4.7529,-90.007,83.866,56.312,-125.95,-48.957,9.282
5.9709,3.1244,-0.36022,-4.9882,58.812,40.611,-60.08,-30.753,43.266
-4.8833,8.247,0.57141,-45.778,52.162,-9.8085,-89.651,-2.8052,-42.666
-0.31724,2.8971,-2.8192,-69.491,-0.61626,46.697,-130.03,24.778,47.643
2.7916,-3.8319,-0.56464,-31.885,68.417,18.017,-13.204,4.1166,-33.432
3.5992,6.5245,4.4553,15.426,31.701,30.804,-125.5,10.313,35.107
1.0083,-7.9669,-0.26725,-89.042,9.1695,-24.757,-110.68,15.563,26.245
7.6,0.54435,-2.3252,-89.984,-24.355,-9.8498,-117.15,-21.15,32.432
-6.0493,5.9436,2.8657,-90.003,-9.0484,42.187,-63.45,-17.311,28.171
8.6258,-7.715,1.0631,6.7642,33.532,-16.05,-128.13,-41.459,-30.354
-1.2059,-8.7432,4.7935,-10.825,48.76,6.1428,0.066311,-30.559,-28.975
6.5482,2.2487,4.1785,25.186,-0.38476,79.227,0.065184,37.828,-4.007
-1.6967,-7.6438,0.94369,-85.146,83.106,56.225,0.041359,19.74,15.013
3.5345,8.4384,-0.32657,-6.0967,80.052,-31.106,-84.096,26.53,32.108
1.0305,0.44551,-1.8407,-72.925,8.378,53.511,0.056054,15.851,25.968
-3.984,6.7849,1.8123,-48.134,34.067,75.468,0.037646,-61.349,11.91
8.7446,-0.21421,1.9691,-74.743,4.3434,-22.409,-54.424,12.143,-35.417
2.9476,-8.6151,-2.8247,-57.047,45.7,-24.269,-99.072,2.2002,43.731
3.7489,-8.5222,2.6056,-87.647,46.779,43.047,-14.353,27.906,-21.773
-6.6711,-2.3841,-4.0107,-21.093,65.763,54.838,-40.206,15.867,-12.388
5.1795,-2.795,-0.037925,-27.976,4.7105,-17.672,0.057639,-4.7032,-36.219
-1.6199,4.1976,3.8093,-4.8576,25.889,59.743,0.065971,0.57121,-35.737
9.5662,8.8662,4.8061,-90.005,-6.2806,23.1,-56.4,-1.7306,11.891
1.4267,-6.8426,1.2338,48.943,87.08,59.158,0.069329,69.178,-36.191
-6.5545,-8.2359,-1.9317,-4.9858,-5.3475,62.674,0.085965,17.625,14.052
-5.6874,2.6224,-1.0493,-18.014,75.443,64.577,-14.918,0.25354,14.397
-1.8545,-4.5127,-2.6834,-8.2218,75.306,64.879,-6.7737,4.5224,9.4383
-3.9469,-0.22125,2.8085,-35.035,70.266,43.223,0.064115,39.504,6.0012
-9.4806,-3.3207,0.56771,-17.144,45.341,37.501,-16.922,-17.717,14.614
-0.9571,9.8666,-1.0006,-90.003,5.2643,49.1,-56.192,-12.904,-0.62359
-7.2629,8.1269,-1.1998,-58.919,85.516,69.851,-77.106,45.732,33.814
-5.2269,-6.4713,-2.6071,-75.801,-25.397,46.498,-69.297,37.262,-25.213
-3.3205,-3.5799,2.6527,-61.282,-3.648,4.1661,0.1005,1.2546,-9.9065
-9.1009,-6.2158,-2.9881,-48.597,-1.9215,49.484,-62.001,-8.3728,48.323
0.48549,-9.6277,-2.3697,13.678,55.383,-7.3438,-19.78,-19.629,5.3914
1.7469,2.7881,-3.7487,4.5384,28.511,9.5582,-14.039,15.858,0.18498
-9.6943,1.0594,4.3614,-41.99,9.4085,68.278,-22.26,-37.599,-5.4629
0.6633,-5.875,-3.4328,-63.727,22.518,83.778,-93.882,-15.15,36.53
5.7795,0.71752,-4.9807,-56.091,22.468,27.608,0.078111,18.908,-10.006
-0.84374,-3.3544,3.5732,-36.532,-6.2777,-8.1956,-50.519,15.868,-16.337
0.69506,6.5759,4.9804,-90.002,-7.211,95.853,-120.12,40.031,14.324
1.8631,4.6174,1.5186,-64.241,-11.195,52.622,-55.008,-6.1182,-22.108
-7.209,0.82495,-4.6902,-38.409,17.616,61.379,0.039381,-0.17785,9.3951
-7.327,4.0095,3.3087,-34.179,-29.444,12.161,-77.487,-26.524,27.766
-1.859,8.4142,-1.4341,-85.747,0.64116,-3.7406,-130.08,-2.9956,15.976
-8.078,6.8467,-1.8356,19.206,25.433,61.612,-6.9884,-28.981,21.028
8.0272,6.7534,2.5097,-78.023,83.818,72.641,-77.274,20.881,-3.0347
4.5852,-0.6817,0.90623,25.864,71.828,90.107,-67.964,-18.25,-18.832
8.3374,3.4385,2.8464,-49.011,-13.139,-15.952,0.058857,16.602,-11.584
5.8211,5.265,4.3453,-62.806,24.611,10.157,0.03976,2.3866,-30.58
4.5181,-7.8517,-0.58493,-29.497,72.195,74.757,-76.305,-20.039,-38.808
-2.1306,-0.93257,-3.2024,-51.795,64.45,68.002,-48.198,29.22,11.692
-3.6967,4.6406,2.7342,-88.104,65.304,-4.8937,-129.98,-56.128,-10.206
0.183,-8.1606,-0.61603,-12.534,15.875,111.89,-24.202,24.868,-25.472
1.9272,-5.6968,0.35695,-70.233,21.66,1.348,-38.305,41.867,35.29
5.6424,-9.7668,-2.7848,-88.025,54.83,79.299,0.035832,15.893,-36.182
3.8843,7.0718,-2.0758,-81.096,6.1073,95.036,-129.75,9.2664,24.667
-6.809,6.3457,-4.6671,-35.865,68.177,80.899,0.057556,-48.621,3.862
-6.6957,5.5478,-1.5854,-38.138,-17.966,-25.011,-86.284,-35.402,38.397
-9.3287,4.402,-1.4626,-39.397,63.077,45.105,0.055516,21.272,-43.707
6.1566,-9.9537,-4.0223,-64.769,-1.8981,91.488,-6.5567,5.4938,-23.003
-8.2481,-1.5649,-4.5961,-56.643,58.127,34.654,0.052157,13.84,-20.486
-4.9521,-1.2029,0.87991,-36.476,21.946,11.813,-66.93,24.623,-31.061
-9.9668,-2.3279,1.7377,-65.154,21.877,7.7904,-130.03,-57.097,-11.213
-4.1125,-2.2176,4.4902,10.487,77.333,84.944,-90.552,-12.611,20.125
-3.5996,-5.6028,-4.7237,5.6137,4.2319,-8.0517,-40.125,-42.358,-42.174
-8.6667,-0.29201,-3.3498,-82.335,73.316,47.859,-45.414,-5.459,-7.9748
-6.6108,-3.6528,-2.2834,-90.007,54.279,20.538,-130.09,14.496,13.141
2.6874,-3.9425,0.81184,-38.238,65.934,81.382,-130.09,-43.511,42.746
-1.7237,-6.6898,4.4302,-50.764,60.531,46.663,-105.26,-41.204,45.478
-0.73454,4.7621,3.7494,-27.636,56.934,44.66,-128.45,-22.903,39.935
-8.5789,8.143,1.129,-11.363,39.891,91.158,0.036437,16.089,-33.58
5.4609,-8.9045,-4.5317,-51.769,61.411,-10.909,0.055822,9.6245,10.221
0.53893,4.7074,4.1869,-90.004,68.863,78.758,-2.8514,-7.1328,-42.239
3.3541,-0.99394,2.9206,-50.31,77.331,-21.12,-121.01,22.825,-17.669
5.8759,1.7247,3.8223,-0.55194,-18.155,78.285,-3.9045,6.5301,17.753
-9.8759,-8.8949,-2.2401,-30.105,63.38,5.5482,-117.19,17.449,34.229
2.0064,-5.203,-2.175,-8.4862,40.469,-4.3603,0.067332,-11.144,0.68115
0.20881,0.83465,0.10103,-83.196,-11.236,22.419,-110.47,21.353,13.509
-4.2026,-6.0992,-2.8645,1.4789,38.882,79.395,-47.413,-5.9236,10.527
0.31253,-9.8856,0.5283,-24.693,-21.183,10.919,-130.04,-0.67871,-9.528
5.6058,5.2724,0.6938,-2.1536,40.814,30.185,0.076247,40.093,19.989
4.7605,6.2174,0.65399,-90.006,8.546,87.713,-99.353,27.59,-31.881
-0.82642,3.2944,-0.66908,-90.005,23.253,20.871,-32.299,4.4808,-20.569
-4.0768,-8.1485,2.2578,23.491,44.356,14.064,-107.28,-0.11795,15.675
-9.422,-5.5878,2.8542,-45.269,-22.943,47.335,-94.175,9.5966,37.745
3.859,-3.8988,1.5008,-70.666,79.355,17.257,-130.02,16.689,-28.981
-6.4924,-7.9179,3.1887,-15.397,59.871,72.286,-48.383,-2.9752,-44.475
-5.516,4.6582,1.7608,-22.581,19.461,-16.778,-3.4009,-15.123,-1.5532
5.6641,7.3929,1.2404,-61.739,2.5818,-19.259,-39.163,-12.539,48.464
5.6871,8.2839,-1.3885,-31.688,-15.452,-13.935,-127.03,26.373,8.0606
1.4201,-0.83448,-4.3078,-53.866,59.097,25.455,0.057201,27.347,-49.548
-4.206,7.8501,-3.354,13.894,-14.171,3.1591,0.08071,30.322,36.512
-6.2658,5.1989,4.0983,-31.485,32.155,50.352,0.035058,33.306,17.146
2.5554,9.3011,0.67291,-13.181,82.48,-20.771,0.067515,-19.635,11.939
-4.0506,3.2219,1.0066,-84.592,76.404,85.557,0.044892,-49.045,49.942
7.441,9.2768,-2.0173,-23.884,77.943,71.655,-81.616,-52.86,41.314
0.18323,7.291,-3.5956,-3.0258,41.163,30.373,0.056297,50.128,41.529
-0.36819,-8.6343,-1.1203,10.856,64.32,-0.41665,-5.8195,35.915,-23.923
6.5214,3.9737,-1.4989,-38.923,4.0185,13.565,-129.84,-0.55778,4.2846
5.8144,0.9787,-4.2323,-41.815,71.909,19.249,-119.01,-4.561,-13.04
9.3923,-2.9471,-3.0847,-36.643,7.8368,93.83,-76.202,-20.665,-17.138
1.2464,5.7856,-1.4915,-66.485,68.726,-22.01,0.03616,-14.385,35.608
3.4963,1.4471,3.4369,-75.53,1.1589,52.569,0.058795,-7.3057,-44.846
-5.1074,6.9681,3.8489,27.997,37.292,20.847,0.060518,11.373,12.596
-4.0189,-5.3197,-1.8211,-35.618,-0.086659,-2.2783,-43.547,-23.164,-24.116
-9.254,-4.6476,-1.9705,-5.6421,44.805,63.857,0.034414,56.156,-19.494
-5.2278,-8.6855,-1.3457,17.798,-4.5047,-8.4916,0.079916,25.484,-10.904
-9.1176,0.97099,3.8208,-37.557,34.072,52.789,-130.09,-28.331,10.093
-4.1845,-9.4719,-2.0538,-52.491,48.204,49.791,0.05515,24.668,38.242
5.9222,-3.7216,-2.6566,-58.114,-12.8,-36.055,-98.982,28.017,23.625
-4.4729,3.1571,1.2695,-4.9292,-6.0908,21.88,-66.116,27.376,26.606
-8.589,9.1601,1.862,-25.812,58.37,27.41,-129.66,-17.305,5.692
-2.7146,3.7361,-4.5794,27.969,1.6849,83.262,0.04622,2.7908,-35.032
0.37727,-7.5728,4.1579,-58.368,78.384,5.7661,-130.04,-58.264,-28.349
2.1824,0.88772,2.5259,10.983,77.421,74.686,-35.432,-0.24867,-45.687
8.1435,-3.9321,3.6721,-51.732,7.1258,9.9711,-60.459,24.725,-25.313
4.4863,9.1576,4.0219,-17.595,67.5,72.667,-43.982,-16.175,13.096
4.316,-5.1094,2.3775,21.643,71.135,86.841,-38.902,30.412,25.948
-7.7978,-0.88836,-3.4927,-23.646,15.846,55.901,0.096105,34.522,-10.056
-3.7247,4.9377,0.91809,-81.502,67.626,70.286,-119.07,32.479,6.6797
-7.7093,-6.9784,2.2732,-78.733,58.747,73.772,-26.965,16.841,11.159
-5.9715,3.2037,2.3877,-68.215,87.211,-23.349,-12.571,18.043,-44.794
8.3566,-10.717,-2.4816,-39.524,81.875,87.522,-3.1229,64.768,-11.666
-4.3768,7.4685,3.4629,-0.58975,56.612,12.607,-87.921,-41.8,17.114
4.6555,4.7261,-4.4047,-71.264,26.005,81.114,-102.27,-41.304,29.269
9.5254,-5.1353,4.0107,-48.295,-22.426,-20.026,0.055752,8.7858,-12.257
2.4255,-1.5252,1.766,-89.959,76.39,-19.399,0.042961,18.228,38.699
-4.665,6.9249,1.8413,-37.24,12.843,-18.07,0.069709,34.111,-10.884
-9.0262,8.7702,1.1415,33.047,27.333,103.65,-76.048,-21.725,-38.547
-6.2512,-2.0559,-1.637,-87.8,-17.312,7.3282,-118.32,17.679,-13.742
-1.8443,-6.3095,-4.4436,-2.8997,20.739,31.245,0.064867,30.492,-32.909
3.6542,-0.49056,4.2683,-46.668,74.421,55.544,-126.2,-2.3297,-6.6255
9.1717,7.1242,-1.9453,-6.3554,72.525,8.7905,-19.764,-39.855,24.99
-5.6225,-3.8618,2.3194,-37.578,18.533,8.4854,-73.448,27.985,-44.605
-3.6732,-4.4785,-4.4586,-40.021,40.135,84.175,-130.09,-14.961,-47.651
-6.5668,6.5846,-4.901,-23.36,70.05,85.116,-130.08,14.493,6.1277
3.8938,4.8387,-1.0283,-42.086,-23.527,16.936,-52.873,-23.519,41.741
2.0084,9.607,2.6392,-54.187,75.74,-33.288,-43.241,31.361,3.1126
-1.1917,-8.0185,-3.7276,-6.4392,0.56876,37.495,-98.108,-44.88,37.572
7.5123,-5.1705,-3.8259,-58.801,-22.912,5.5119,0.064178,27.007,43.81
0.38784,5.7011,-1.8596,-90.007,28.412,36.888,0.055942,-12.475,-29.675
-5.8556,3.322,-2.8048,-28.791,82.783,40.73,0.053013,19.067,-31.282
3.3322,-0.82495,-2.8475,-69.866,76.885,2.0176,-7.6914,32.998,-38.702
6.5234,1.0206,1.4484,36.91,41.288,21.902,0.031416,18.663,-22.647
8.4979,-0.6608,1.15,-73.575,86.081,48.25,-42.143,-6.6221,-34.365
-1.08,-0.058042,-3.4382,-14.218,-5.44,48.054,-45.257,6.3629,27.265
-4.4401,9.5557,4.6472,-49.228,57.218,37.795,-2.785,0.72269,34.298
-0.51217,-3.9891,-1.5658,32.21,-26.973,64.253,-63.716,4.814,-15.592
-9.1219,0.65667,3.2522,-34.222,-3.6399,-8.8842,0.076022,3.7141,-24.178
-8.7355,6.3285,-4.312,-44.883,64.409,24.099,-130.05,2.4992,-6.6195
4.3949,4.8308,1.896,-55.451,-28.928,5.6487,-63.779,30.371,-20.433
-1.2639,-4.564,-2.6267,-59.258,26.514,57.835,-121.74,-33.995,-36.256
7.4372,6.0934,2.3617,-37.721,17.807,80.848,-13.262,47.223,33.175
9.6548,-9.3642,3.2431,-1.7774,24.064,38.363,-89.954,9.7032,28.258
3.3127,2.6625,3.8634,-30.645,43.457,67.602,0.074524,36.713,-38.033
-2.3652,-0.93737,-4.294,-79.194,85.756,-11.946,-130.08,-21.239,-44.648
3.9199,-9.9227,-3.4019,-49.706,8.1106,50.491,0.068934,13.232,7.0193
-8.159,-4.549,0.90925,-90.003,-26.267,17.777,-2.9943,-14.699,-23.117
5.8256,-2.6663,2.4577,-25.159,36.511,85.907,-130.07,-7.4588,26.507
-3.9592,-2.3969,-0.27252,-82.59,8.4981,1.3314,-0.82056,-39.699,28.288
4.1305,-2.9259,2.5941,-22.748,61.758,14.625,-86.098,44.201,5.287
4.5721,7.5214,-0.27373,-30.607,-8.2577,-21.387,-23.056,26.432,29.321
-1.994,8.7218,-0.2382,-85.969,-6.9374,21.27,-82.732,-19.244,46.954
-5.3815,2.8369,-2.4064,-88.701,18.846,-6.4004,-62.983,-3.4451,-28.981
9.6433,9.0372,-0.28372,8.8655,72.25,8.7821,-62.72,-30.985,-37.796
9.1452,-3.5678,2.918,27.195,-16.67,76.524,-14.844,-27.91,-39.695
-6.5476,-7.9387,1.0616,-46.491,0.71505,-12.283,0.054366,39.528,12.714
2.5238,7.5373,-3.218,-43.906,76.054,1.6049,-48.576,-1.8032,34.08
-1.5757,5.7434,-1.115,-90.008,49.53,33.064,-122.36,-28.138,-26.166
-7.0934,0.22956,4.9339,-35.193,86.014,81.575,0.010693,-34.828,-9.0878
-0.97945,-6.0648,2.3686,-81.245,62.221,-4.8712,0.061569,-1.8804,22.072
-2.7405,-1.8609,-2.7429,-39.86,84.564,23.667,-2.3829,36.592,50.161
5.1339,9.2224,0.69736,-9.0549,13.802,2.798,-68.391,4.7307,-1.3381
8.5779,1.657,-4.8469,-63.006,-24.605,59.123,-82.495,6.6692,8.538
6.8265,3.2726,-0.16223,-14.649,27.843,7.5209,0.055986,34.817,-13.249
9.6639,6.0596,0.65958,-88.153,48.032,78.077,-41.76,-40.116,-4.5102
2.6546,8.6578,-0.7362,-61.562,76.65,-22.152,-84.604,39.612,22.449
8.1943,2.859,1.2867,-65.473,80.31,44.502,0.058785,44.784,-45.746
7.5874,-1.9923,0.61891,-31.229,-20.953,11.884,0.061438,-10.125,-39.168
8.6721,-6.2816,0.077852,-90.006,80.559,90.326,-32.965,25.256,-48.164
-5.063,-7.7665,3.4658,-23.898,63.548,14.296,0.038405,-42.722,-41.112
-2.2553,8.7426,-3.3994,34.741,-8.4823,59.536,-83.474,-5.9686,-14.408
9.4407,3.2234,0.071162,-89.992,-17.777,88.334,-9.806,-3.1831,-42.714
-8.7981,2.3222,0.63492,-34.427,10.303,-23.519,-73.074,32.767,29.904
-9.6786,-1.4916,-4.7082,-8.7561,87.736,52.838,-119,5.9839,-21.611
-1.6165,-6.9864,0.39661,-86.9,59.955,56.667,-129.33,13.887,15.806
9.2434,-7.4814,-2.8829,-55.264,66.489,-4.7215,-129.6,6.6637,-11.586
9.0157,7.9982,-4.9251,-90.005,74.418,32.999,-76.8,-20.057,44.219
-9.5376,6.4085,-2.1278,9.8903,73.281,34.053,0.068849,35.42,-15.39
1.5864,8.1111,2.7118,30.79,21.1,91.517,-55.445,-4.3102,4.2862
-3.6712,-1.5508,2.4653,-69.03,23.599,-38.561,0.083534,20.53,-38.065
-5.9504,-8.6229,-5.004,18.332,65.669,42.579,-4.6017,-33.206,23.781
1.2626,7.6608,5.015,56.759,27.559,-10.947,-7.2662,-10.387,7.4448
-6.319,-2.1016,4.1275,-62.277,24.227,17.81,-130.01,-40.416,42.078
9.3243,6.8181,-3.8546,10.206,52.168,28.378,0.021782,57.275,19.148
6.3037,8.2433,1.8336,-80.458,57.92,2.7711,-118.6,-18.667,1.3209
-6.7511,-9.5703,-3.9398,-35.384,44.164,13.79,0.080983,-4.2765,-43.082
-8.5494,-4.6116,-4.6083,-23.455,83.274,0.49986,-1.1191,0.63962,-31.44
-0.18765,5.9255,-3.1575,-55.274,72.041,30.176,-130.02,-26.061,44.651
-7.0941,6.3989,-3.1567,8.5594,18.663,30.791,0.045213,-0.65338,-49.174
-2.8458,0.96107,2.7968,-52.98,6.2408,36.937,-130.08,20.725,38.531
9.8733,-0.90169,0.19852,-82.023,64.174,55.428,-130.11,-3.415,19.506
-1.897,3.7384,-0.96508,-52.888,44.474,21.845,-116.07,2.3238,30.337
-7.6834,-8.2715,-3.4517,-56.948,85.694,-6.4833,-124.06,-54.939,-38.727
-9.3708,7.5386,4.5132,-46.399,21.933,48.413,0.030439,18.357,48.105
2.7352,9.7515,-1.13,-65.066,24.94,-15.401,-89.785,20.682,-19.374
0.41269,-2.3808,1.178,-39.97,34.373,62.357,-121.24,-35.529,-13.717
-9.6683,-9.4359,3.4536,-47.722,61.888,94.226,-112.07,-6.859,15.35
1.6449,4.4182,-3.5132,-42.244,34.016,-7.9894,-18.359,-33.618,-0.63506
-9.2138,2.7916,0.073437,-42.735,75.367,-23.269,0.057938,-12.958,31.093
-1.6021,2.6375,0.96841,-90.007,63.753,23.927,-130.02,-46.762,28.344
4.3836,-5.5113,-4.875,-89.932,45.829,-18.369,-130.07,48.017,-11.093
-0.35036,-8.8077,-0.37585,-61.348,78.943,73.997,-96.649,-34.315,-25.801
-2.1481,-4.6931,-1.5307,4.0866,14.903,26.367,-46.547,2.0267,-29.238
-0.015824,8.2333,2.303,9.3911,66.523,26.116,-34.721,-41.885,-21.44
1.6763,-7.7347,-1.0074,1.2895,-4.2577,0.4705,-69.401,7.5528,-6.5302
3.6539,-7.9391,-4.1661,-89.412,80.293,23.072,0.036392,8.8635,-31.471
-5.9872,-6.0932,1.9163,-43.644,35.712,19.08,-88.456,2.6042,21.497
-0.56314,-2.0304,4.1062,-58.281,83.573,15.483,-5.992,25.965,-1.1627
-4.8622,-5.7977,0.81727,-6.2669,72.178,44.644,-130.07,52.343,19.095
-9.0692,-2.9515,-1.443,-84.435,88.084,19.319,-67.242,17.545,-7.0814
-1.9088,9.1775,0.95158,39.707,82.839,61.703,-17.207,25.662,-50.296
-6.271,-0.55804,-4.8986,-5.735,26.837,-12.829,0.040215,-34.555,-29.519
-1.2482,-3.3754,0.70679,1.445,56.271,13.383,-130.07,-19.563,-13.3
2.5305,7.0571,-3.8061,-63.932,84.193,87.788,-77.766,-20.251,33.452
-4.5597,-4.7924,4.9724,-72.696,50.921,35.538,-93.507,-11.044,22.188
9.7957,-0.69407,-1.3792,-63.803,71.593,18.153,-113.29,3.3284,-3.386
6.9387,-3.3092,1.7328,-89.961,40.543,-21.601,-90.722,-10.66,20.615
-3.0595,9.2304,-1.9822,-55.368,59.231,13,-2.7539,-47.46,7.24
0.92161,-4.879,-1.0714,-37.732,39.83,-9.9621,0.057395,-37.14,37.927
2.6154,5.6492,2.388,-54.152,47.575,73.885,-28.498,30.675,22.199
-3.4094,-8.1092,3.067,1.5034,-8.9548,28.638,-117.47,-22.989,15.219
-1.2114,3.1435,-0.53303,5.8109,54.796,23.417,-130.09,-2.1098,39.293
-9.0113,-7.8152,3.5865,-19.239,50.579,30.86,-51.441,-25.949,-11.415
1.7986,-2.7948,-4.7408,21.061,-14.008,43.529,-57.09,16.677,-46.847
10.015,-4.8754,3.8623,-81.756,9.8307,53.53,0.070116,14.986,-27.331
2.8254,-1.0742,-3.6566,-89.888,86.082,96.798,-21.522,41.209,5.9662
-2.9739,-0.46823,-3.2541,-63.997,76.619,-25.238,-65.894,-26.004,10.879
5.324,-4.9461,1.7198,-68.491,82.926,25.448,0.045839,-27.263,0.66017
8.1584,5.6572,-0.27966,11.269,75.053,50.586,-51.273,-36.415,-7.5652
-9.3222,-6.4018,4.3119,-53.303,30.821,2.4044,-130.08,-24.851,-4.5232
2.4875,9.1052,1.6211,-50.275,56.894,40.537,-130.11,-39.374,-1.2422
-8.485,9.9199,0.98358,-50.145,73.482,69.704,-77.452,-36.76,-35.774
-5.6873,1.5227,-4.7245,-90.004,81.742,24.569,-97.061,-31.944,11.702
9.9027,-6.9804,-4.7469,7.9196,-12.315,5.184,-130.03,-43.31,-34.02
3.457,-8.5967,-1.94,-33.993,72.795,73.606,-128.33,-41.848,-32.046
0.87678,1.9625,-2.6513,32.213,64.32,42.04,-89.38,5.7433,-13.98
-9.494,5.5586,-0.58771,-18.53,8.0046,83.31,0.044692,-5.3537,-19.502
1.7403,-2.7248,-3.5888,-90,87.608,42.988,-43.972,-27.702,-28.725
-6.7456,-7.1257,-4.3604,4.9277,87.016,81.602,0.052217,37.137,-2.0627
-3.7809,-0.68721,-2.8968,-86.856,65.775,5.0422,0.058944,23.938,-28.841
-7.36,-3.1045,2.5466,12.221,55.07,8.6442,-96.739,40.871,12.33
-1.9226,-6.1246,-1.932,-6.968,45.626,-4.3954,-69.267,-3.2586,-32.468
-4.6311,7.1482,-3.4091,-90.006,50.502,18.324,-129.02,-26.233,-1.1259
-5.0212,4.6776,-1.6152,-58.229,-14.696,-34.559,-130.07,30.736,-11.681
-5.9804,7.9198,3.8767,-38.266,0.15474,45.195,-129.77,-50.781,31.255
8.9038,8.5577,-4.0421,-90.005,8.5717,68.573,-92.773,32.36,19.099
-6.8407,5.2011,-4.0784,10.563,43.029,77.706,0.037013,45.995,-25.753
6.8082,-1.8355,-0.97022,38.228,0.37514,77.124,-74.214,28.941,-32.434
-2.6257,2.0829,-1.1795,-63.49,16.606,47.735,-83.446,17.854,-15.152
3.3108,-1.4014,3.503,-20.699,30.287,22.356,-129.63,-48.368,-44.865
-1.5591,0.071333,-3.359,-89.683,52.23,-2.4783,-16.935,-39.918,-7.3298
1.9834,-6.0004,-3.6395,-90.005,82.999,64.241,-90.696,-17.047,-46.288
8.6657,-9.8079,1.407,-11.287,33.285,1.6592,-114.19,-8.3302,4.1702
-8.0416,7.9266,3.1951,36.477,-20.048,57.75,-120.18,26.431,24.326
2.2546,8.0098,0.16336,8.8438,0.97862,90.67,-59.477,36.246,-46.334
-3.2087,2.9877,-1.4452,37.784,34.313,55.319,-75.416,-63.999,-44.703
-1.1863,-8.5127,-3.4776,-90,-19.929,71.986,-35.363,7.4153,1.8212
-6.999,-0.90401,1.8536,-90.006,44.658,98.06,-35.253,19.97,49.199
-6.7151,0.19888,1.269,21.138,20.009,-8.9389,-35.422,-38.166,-12.34
-8.9956,6.3133,3.6667,-68.448,43.034,91.103,-29.139,-30.854,-27.929
0.090428,2.8947,-4.6347,-84.919,59.923,8.5526,-103.91,30.85,-39.867
-5.2648,8.194,4.5067,-21.673,55.312,53.124,0.08095,-11.324,12.14
6.3653,-2.4551,-2.7087,-53.663,-8.9854,67.817,-103.02,-20.755,22.226
-6.2953,1.4801,-0.1502,-45.964,7.6049,73.372,0.074074,21.11,-13.273
7.7148,-1.555,3.5928,17.369,15.159,-18.422,0.062819,-5.4584,35.101
2.3339,1.3418,-2.3803,-90.005,4.2379,76.004,-80.952,60.589,-48.606
6.1186,6.5559,0.66359,-89.97,64.183,-10.758,-33.102,-41.058,-10.765
7.2171,-8.8753,-2.7627,-90.005,60.054,59.09,-130.12,24.129,32.044
-0.52508,-2.1134,3.6181,-52.21,15.952,0.53726,-75.703,6.4552,42.694
5.5904,-9.1864,4.0158,-0.996,43.682,59.615,-109.38,-35.59,15.318
-4.5908,4.8951,2.227,-13.868,80.314,2.0002,-25.314,12.983,-43.113
-1.5978,-8.2449,0.59749,-12.652,-16.26,3.7947,-118.69,41.556,-47.479
-7.2931,-5.7176,2.755,-73.035,18.031,41.875,0.03774,21.422,9.3975
5.4023,-9.2894,1.0651,-48.141,19.879,89.52,-57.336,-33.108,22.896
-9.6968,6.375,2.8173,-90.006,79.81,62.172,-130.09,-7.4117,-2.2956
-3.2822,-0.29515,-2.7564,-18.521,51.748,71.339,-130.05,-6.7769,-10.164
9.2966,-0.76513,-0.025947,-85.437,-7.1075,70.866,0.065335,-30.125,-14.024
9.5045,8.4169,-4.4641,-22.674,-7.0937,106.76,-59.706,-27.673,44.721
7.5904,7.3018,-1.437,-74.732,67.093,48.666,-17.103,31.544,43.994
6.5529,-2.0475,0.81512,-69.36,86.4,42.939,0.063134,36.782,-7.6775
6.8201,3.5217,2.0089,-15.044,40.486,11.896,-130.09,-44.98,-21.713
5.2945,2.3107,4.6298,-45.685,27.553,47.303,-130.08,-26.558,-24.376
-2.4998,-8.2582,-1.8179,-36.359,-10.684,-21.595,-43.942,-18.679,-29.926
4.6718,0.53151,-2.3107,-22.872,84.459,-17.888,0.025946,-8.4351,-43.686
-5.7756,2.1882,-1.0595,-2.6403,85.502,59.735,-113.19,17.514,-13.715
9.0009,6.5741,1.3011,-83.843,43.965,87.218,-15.506,-22.325,-49.717
4.9821,2.3356,-3.1682,26.129,56.023,48.623,-121.24,28.316,29.055
-6.2861,-3.4659,-2.405,-25.157,76.713,84.277,-1.32,50.111,-32.894
-8.5751,-5.1039,-4.891,-90.006,0.32236,86.219,-111.95,-59.715,15.415
-2.6862,-1.7406,-0.83827,-48.344,25.962,38.018,-41.708,3.3747,27.87
-5.9166,1.1015,-2.8591,-34.275,-21.409,70.121,-58.7,-22.204,-12.455
-7.8846,6.1401,-2.4919,4.6135,-25.971,48.398,-95.629,-40.832,-15.385
-9.5296,2.7762,-0.60371,17.754,43.867,40.549,-33.512,21.063,25.423
7.5827,6.5825,-0.50443,-42.419,72.266,49.191,-21.091,-40.764,-13.644
4.632,-6.8294,4.4705,-89.008,43.635,74.453,-130.13,-66.839,-1.0671
-7.9296,2.0649,-4.5395,-26.583,12.642,47.361,-60.35,-19.126,18.015
-5.9038,-4.8342,3.442,-75.166,49.182,43.616,-130.11,-30.962,-15.45
6.9918,6.1458,0.40149,-63.954,42.608,11.737,-130.11,-44.009,-6.6136
-0.85228,-5.5613,-1.2823,-31.808,-22.733,17.463,-1.8776,-14.727,42.276
6.5839,2.3695,1.635,18.898,1.1091,74.973,-15.74,-22.529,9.9487
3.1025,5.3146,-1.1802,-50.342,46.899,60.271,-23.241,35.694,-46.14
1.2012,-6.5662,4.386,-35.245,69.66,0.72284,0.062755,22.598,1.6739
5.7132,0.35073,-0.84138,-70.286,45.754,-16.664,0.068045,-11.341,0.25417
-6.9004,7.5722,2.2554,-46.267,67.224,-4.2865,-126.23,29.736,-14.377
-3.871,6.3963,-2.1845,-26.455,-6.4982,18.695,0.044694,8.6743,-5.2023
-8.6333,-5.7342,2.7192,-4.8026,67.092,-23.749,-0.88136,-6.8281,-28.806
8.5861,0.46926,0.37353,-11.727,74.952,-16.575,-117.03,-15.823,-31.753
9.1115,7.5511,3.7232,-46.499,33.751,-21.955,-60.294,24.106,8.1699
-1.0207,-7.1602,1.5161,-50.238,60.164,5.7855,-111.73,-14.095,-23.308
-2.8479,3.5338,-4.6519,-67.256,20.462,9.8064,-33.885,17.51,34.513
-7.9051,-1.1098,-0.092817,-3.6174,81.687,-12.874,-35.408,8.5249,-26.043
3.182,6.1785,3.567,-32.118,1.6217,10.78,0.026311,7.8517,27.378
5.3046,0.30962,-4.5455,-60.841,63.86,93.307,-102.49,-35.38,26.592
-3.5201,1.9391,4.7642,-16.537,29.671,92.995,-37.211,41.212,-30.256
5.5476,2.9049,-1.6058,-39.25,-24.409,76.401,0.039324,36.93,-12.25
5.6356,-6.1392,-3.2605,-17.96,62.58,63.883,0.035254,-25.533,14.669
-6.8519,-2.7049,3.0304,25.799,-10.641,73.149,-129.33,-38.5,18.642
-0.20435,5.1762,1.2043,-34.34,48.293,17.69,-20.782,17.922,45.461
3.2915,0.21783,-0.64547,-65.831,70.915,5.8628,-102.81,-0.90623,13.272
6.3272,4.4109,-3.7786,-65.81,70.752,12.354,-67.143,12.474,-45.292
7.5548,-8.1391,4.2964,-3.1065,1.8753,-16.434,-56.368,6.4615,22.404
6.5937,-2.5235,2.6681,-18.174,32.053,45.057,0.041208,-37.815,12.194
-7.6921,7.6542,-1.1088,-36.335,60.278,3.1121,-81.235,-27.17,-44.049
2.4837,-9.9241,-3.4334,-90.007,60.788,69.838,-130.08,-7.7711,-41.586
-8.0512,-7.8552,1.2017,-75.832,20.76,71.319,0.035653,-15.24,31.939
1.3048,-3.6944,-3.5417,-47.954,71.074,29.265,0.063526,37.693,18.368
3.1859,2.8663,-3.1424,-0.13652,43.955,98.896,-42.898,-14.902,-45.724
-7.0763,-9.1341,3.1036,-21.157,-2.2899,56.913,0.053911,-2.7698,-17.769
-2.4419,-1.6621,1.1914,-87.622,46.094,18.392,-117.29,4.9314,10.193
-5.0015,-2.1225,-1.5958,-8.8945,24.325,40.679,-63.747,26.918,30.621
-4.286,-4.6427,-0.34346,-56.391,27.602,4.1979,0.078366,-12.766,-23.187
-0.96015,8.1112,1.5743,-30.983,1.2124,55.631,-116.26,24.264,43.034
-1.8296,-5.2018,-1.4263,-83.064,-29.648,18.023,-60.598,-27.021,8.2045
-3.4806,-0.89651,-2.0233,-45.296,80.759,7.0017,-123.35,-19.066,-17.438
-9.8953,2.0244,2.8697,-35.7,-15.929,33.29,0.083668,25.317,34.08
6.549,-9.4341,-1.3307,-88.065,30.547,33.145,-114.32,5.4022,-33.052
6.4616,-4.2608,3.8167,-14.979,-18.904,21.646,0.067251,13.2,46.476
-3.5038,3.3094,-0.019426,18.558,59.855,16.586,-127.77,1.9876,0.68135
-0.89563,0.37955,-3.5067,-27.605,-10.065,30.02,-4.9327,13.286,-5.1637
1.2362,7.0347,2.2519,-77.728,50.692,71.33,-129.68,25.735,6.6572
-5.2747,2.2623,-0.59966,-89.996,-1.9956,93.913,-9.7568,30.541,-10.077
-8.1286,-0.63129,1.9364,17.075,45.794,44.448,-56.271,-27.325,-25.444
6.0064,3.3054,-4.5509,-89.94,17.935,79.7,0.053447,-15.064,-14.396
1.0982,-3.4994,1.4785,-24.301,-19.207,23.776,-130.08,21.167,-23.765
7.7353,-0.95946,-0.032693,-38.626,15.856,18.15,-118.45,17.93,-16.488
9.6187,1.8074,-0.53326,2.9103,53.039,22.617,-130.11,-28,-30.906
5.4083,6.7718,4.0916,-20.538,40.915,68.207,0.036204,-53.634,-22.316
-7.7465,-4.7027,-0.22405,-9.9554,70.617,51.265,-130.09,-11.485,-2.0761
9.751,4.9613,0.77735,-84.027,41.296,79.372,-129.96,22.681,-39.157
-9.4811,4.2223,3.4515,-90.005,-0.72508,90.706,-68.408,40.272,-14.489
-9.0071,-7.8625,3.5752,-11.744,37.671,71.82,-117.69,-25.869,-38.679
0.50651,4.171,4.898,-48.843,4.9171,57.515,-114.02,35.383,-41.808
3.4418,4.5248,-4.0747,-71.171,67.58,67.491,0.057489,22.679,-18.193
3.1968,-9.3688,2.3878,5.4785,16.104,39.087,-130.05,-33.526,40.028
3.2742,3.6669,-2.571,-61.608,-10.278,91.914,-41.046,35.032,47.878
-4.6469,8.8278,4.9133,18.046,-25.547,31.52,0.076137,-25.479,43.53
-4.2629,9.2881,-3.5153,-68.616,25.826,27.235,-130.09,-45.214,4.0296
-2.2215,7.4734,-1.1212,-17.495,59.034,-3.1773,-127.09,-25.453,32.585
7.7997,7.1172,-3.6843,2.8534,-12.341,33.348,-126.49,-2.9731,28.3
-2.0006,8.8466,-4.0764,-58.537,8.3619,109.1,-129.69,-25.621,38.262
-9.508,-8.4595,-0.45851,-25.996,-21.418,4.1825,-41.479,-27.752,6.547
9.6002,-0.49741,4.845,8.1681,59.086,-116.68,0.12155,-71.094,97.601
-2.382,1.3082,2.5937,10.953,16.001,57.997,0.086394,45.334,-24.7
-3.0968,2.9065,4.3124,-65.9,1.5429,71.766,-5.5194,-13.313,20.715
-1.8488,-4.0773,-3.506,-89.99,46.098,-34.074,-86.287,-19.181,-11.461
-2.3618,8.1354,-3.762,-90.003,52.784,8.4406,-130.05,-31.212,5.37
-6.9381,-4.8405,2.225,38.11,37.049,47.014,-61.845,30.241,-14.36
0.89637,3.4457,3.4532,-22.022,-22.554,33.636,0.090063,-17.932,-44.098
-4.2427,-7.006,1.3287,-74.59,58.286,80.933,-103.68,-11.27,-9.0144
-5.7698,-6.6405,-1.461,-78.24,36.396,-24.084,-74.876,-6.3441,13.591
-6.2071,-6.9424,4.9049,42.034,80.397,29.468,0.044779,-6.0282,25.351
-7.0001,-7.4691,-3.0933,-89.779,57.65,-3.2978,-77.163,-21.108,6.491
-2.645,-6.7471,-4.2326,7.5342,21.406,25.696,0.06177,15.809,-9.3202
6.3308,3.8668,0.48053,-90.008,46.439,-7.4347,-130.04,-30.163,2.2508
5.1732,-1.253,-0.44651,-46.695,-1.8939,-0.95791,0.087092,20.304,-10.055
2.2031,-5.5425,0.79856,-58.204,59.848,57.416,0.053568,0.43395,-35.871
4.5227,-9.2449,-3.2595,26.469,69.469,4.0175,0.058149,15.689,-29.364
3.6203,2.4197,0.48507,35.764,-2.3802,-8.6201,-51.48,-63.615,-10.798
-0.99374,-1.0874,-0.91692,-0.89186,20.085,36.489,0.070534,-14.606,-40.53
-6.555,0.41117,1.7476,38.065,60.873,90.099,-111.97,-30.225,41.781
-7.1603,-9.8507,3.0762,44.065,79.329,15.5,-49.43,28.619,18.228
8.5624,9.949,-2.3131,23.224,-16.57,74.391,0.03005,36.944,13.596
0.88635,3.9734,0.55739,-74.208,15.023,52.375,-129.96,-46.466,32.658
7.1435,-3.6648,-2.3127,24.255,66.365,0.34751,-130.07,-33.556,34.477
-8.3295,-6.5371,2.2806,-17.945,31.277,70.792,0.073625,-14.955,-5.4776
-7.2325,-6.4602,-1.2689,-12.7,72.791,56.4,-66.625,-31.885,-25.12
5.5038,-4.0893,2.9995,-8.1096,-16.143,69.045,0.059188,-20.933,-19.606
6.1157,4.8344,2.9164,-49.178,63.452,14.25,-130.09,-14.805,35.694
2.069,0.4171,1.062,-44.687,32.446,28.395,-130.05,2.3809,-33.326
-1.1466,4.9182,1.622,-90.004,62.705,-1.2964,-1.7229,14.982,20.971
7.8417,7.7604,0.69223,30.956,-14.775,-18.761,0.061401,30.984,-19.934
8.4248,6.5706,0.23765,-90.003,-19.331,51.048,-85.853,63.402,46.894
7.7072,1.9069,1.285,31.67,-1.2747,18.949,-1.714,39.259,31.614
-2.6953,1.2912,-2.0753,18.262,9.7492,64.44,-0.38591,-16.501,46.397
-3.3358,9.579,1.6567,-3.6115,-12.653,-2.672,0.061593,18.425,-48.443
7.2629,-7.8121,0.73297,5.026,87.587,78.583,-81.437,-12.308,-19.221
1.5007,6.1234,2.1731,17.452,-23.408,68.595,0.025609,23.575,20.803
8.2518,-5.316,1.8623,7.0477,-11.179,11.967,-39.671,38.387,5.2205
5.7288,-1.9903,3.369,-75.639,-5.5922,10.493,-73.864,-16.627,48.454
-1.9399,0.91124,2.7754,-59.457,-19.009,86.689,-9.4644,10.294,22.889
-1.2896,7.1028,-1.0258,-34.211,23.607,22.502,-76.791,50.586,-14.66
-6.7623,9.0643,3.7908,-16.808,-27.855,69.467,-25.701,29.489,-6.2532
-3.6654,8.9841,3.4964,-58.611,5.8129,66.388,-89.661,33.582,32.574
6.9581,-2.318,-3.782,28.894,-7.9971,36.454,-130.05,-33.267,48.027
3.9767,7.5125,2.6886,-82.63,88.305,-24.22,-16.599,16.092,-43.77
-5.1863,2.5056,0.28609,-0.12961,54.199,7.267,0.090917,10.997,-39.317
-5.712,4.4182,2.0268,-57.793,13.909,18.399,-102.98,23.745,-6.7575
-5.5311,-7.2285,-1.9649,-81.115,57.705,47.887,-61.387,-7.7851,-7.8491
-1.5033,-0.91902,4.5011,-17.754,17.111,44.465,-130.08,10.036,-41.411
-2.9259,-5.6472,-4.9578,-57.356,23.803,55.062,0.060654,-34.09,31.926
3.7072,0.24324,1.1598,19.012,-28.939,23.971,-79.982,-53.254,21.679
-3.5013,7.3154,1.7551,-48.446,-26.611,5.7729,0.067827,6.1607,45.912
-5.7331,5.0775,2.1193,-54.106,-0.65009,45.079,-80.859,20.076,-13.15
4.6955,-5.6889,-4.3198,-63.049,1.352,-7.932,-130.08,2.902,-39.121
-8.382,-7.2218,-4.6696,-46.977,60.999,83.875,0.036263,-45.382,17.328
-0.77765,2.0979,-1.852,-90.005,81.39,86.702,-130.04,-32.682,-12.882
-3.0628,-1.0755,-3.5042,-37.051,39.393,34.039,-115.92,-15.037,-8.3833
-4.6474,-5.1199,-3.3522,-60.266,43.879,79.141,-129.02,22.397,11.773
-5.0852,5.1718,0.98522,-90.004,47.844,88.383,-14.929,18.94,22.415
5.7173,8.7799,-1.9988,22.43,68.188,70.607,-22.997,10.247,41.073
-7.2348,4.1824,-4.5835,-73.646,51.7,37.255,-48.791,-32.431,-31.826
-6.6763,5.4716,-0.86865,-11.827,9.8472,36.42,-98.272,17.71,38.824
9.8939,-0.46362,-1.684,-24.094,62.786,15.302,-68.326,-13.505,-43.649
4.3364,-3.9939,2.051,-15.248,54.996,-28.865,-125.47,-8.9061,-1.3019
1.2467,-0.65362,-3.3962,-77.079,8.5116,52.503,0.057352,14.407,13.144
5.182,8.7482,1.46,-19.687,58.335,-27.937,-4.8952,17.836,-16.559
-2.2949,6.7756,2.6213,-11.485,55.328,15.041,0.043159,19.881,42.679
-3.2433,7.3359,1.7401,-90.004,32.382,23.451,-56.071,30.435,48.386
5.8855,-5.2106,0.69307,-90.005,24.63,64.032,-105.89,21.442,24.886
1.9906,1.8223,4.6138,-39.716,53.218,-6.3659,-71.999,-21.758,-42.45
-5.0704,9.8067,1.0884,6.4118,-0.62802,108.25,-127.32,14.936,-32.56
5.9063,7.3989,-4.0157,-81.646,-22.681,24.849,-32.941,-1.9034,-6.531
4.5624,-7.3172,3.9416,-44.858,-18.132,35.096,-129.55,48.73,-46.784
-0.19137,-1.1083,-1.0274,-78.799,74.357,27.841,-130.07,12.974,4.832
7.3334,8.5249,4.5266,-85.544,83.284,32.565,-18.602,-40.93,-19.746
7.0249,3.4434,2.9771,-79.696,32.77,-24.043,-130.08,-27.955,32.517
-3.1945,-0.80841,0.28501,-49.774,60.233,-19.766,-19.615,-29.353,-12.476
3.4492,6.6535,-0.64041,-15.48,49.961,-0.15964,-91.136,11.534,-47.931
8.7749,-0.63984,4.3366,35.775,4.1031,32.791,0.043013,-32.93,-14.1
-2.3825,4.9679,4.8579,-34.637,-21.036,-19.882,0.049055,-11.814,42.05
-4.6521,5.6467,0.37403,50.985,34.715,14.186,-128.62,3.0744,43.5
-5.7525,-1.6866,0.026168,1.1017,63.12,42.271,-78.992,-27.958,19.969
-9.4539,2.2875,-3.0223,4.4865,82,68.797,0.047346,4.0449,-14.544
-5.3774,8.7018,3.0552,-56.938,86.5,81.446,0.061394,0.39706,21.116
6.6734,0.35685,-3.8404,-89.779,18.626,7.8443,-13.019,-17.585,-27.259
-5.904,-3.1908,0.95778,-43.413,-22.069,-12.971,0.058171,33.817,7.1496
-9.9002,1.2288,-1.4182,-17.257,2.7809,41.179,0.032315,-53.165,43.458
-7.6045,0.65063,-3.287,27.393,83.057,30.842,-124.95,14.652,26.805
1.4166,5.6513,-0.2475,-4.4766,77.807,84.456,0.04385,11.735,24.585
-1.272,3.5782,-2.4981,-19.41,34.562,88.312,-128.1,-20.328,19.307
5.6625,-6.6423,3.3214,-54.942,29.151,79.956,-115.18,-19.85,-14.175
2.833,-9.2359,2.5839,-33.715,31.109,41.664,0.062777,8.191,43.425
-6.5065,2.5673,-1.4083,-12.197,-23.386,17.177,0.051415,41.743,-4.742
-9.0861,8.771,-0.45402,11.934,80.88,52.395,-75.83,33.852,8.4077
7.9675,-0.86971,-3.1757,-33.143,-27.261,-29.493,-107.61,-30.75,29.852
7.0196,2.3804,-2.7944,-44.638,34.157,71.444,0.057911,15.573,-6.606
0.16309,-6.1694,0.42447,-40.121,16.66,5.5149,-109.47,-7.9767,-1.2811
4.6176,2.3905,0.59325,-90.008,76.542,45.962,-128.65,-4.7271,19.432
-7.382,-6.5933,-4.3399,-43.546,57.167,16.024,0.037753,-42.884,15.87
-3.7542,3.4385,3.0798,-45.609,81.772,46.516,-57.176,39.11,-44.305
3.7217,-1.9054,4.95,20.362,-0.43159,-5.877,0.09343,46.253,-46.865
-1.0432,6.7347,2.9606,28.71,-5.2682,58.98,-34.847,-23.884,45.807
-7.4569,3.597,-4.7336,26.114,3.648,21.207,-130.05,34.688,-19.489
-6.4209,-6.1924,-4.0037,-15.338,-24.243,78.333,-73.206,-16.906,-26.651
5.467,-9.7063,-2.3221,22.482,70.261,-20.444,-116.7,-15.891,3.2906
0.68412,2.8214,-1.6352,37.502,76.428,-20.106,-123.47,26.3,8.4551
2.698,8.2675,-1.7725,-21.398,-2.8602,49.341,-130.1,25.944,11.619
1.676,-4.6968,0.84425,-90.005,77.536,2.1594,-130.08,-48.386,-2.4503
9.1463,-5.1319,1.2925,-3.692,72.247,49.343,-130.03,-51.53,-41.863
-7.5153,1.627,3.6777,-82.65,13.665,-28.73,0.056339,17.22,42.151
-9.4828,3.4476,1.7747,-79.309,22.235,30.416,-28.796,-18.525,-8.1997
8.5931,7.4506,-1.0305,-35.192,-27.03,37.636,0.09664,-3.4556,20.339
7.0975,7.2905,-3.7179,-54.696,70.658,70.508,0.044277,-20.597,-10.347
5.7551,3.0958,4.7187,-90.005,32.209,29.029,-83.563,3.8705,-9.7154
6.6631,5.4298,4.8704,-30.208,13.855,1.8765,-37.691,20.681,26.481
4.708,7.4871,-2.3201,37.395,69.707,73.37,0.069042,-5.1171,35.442
-9.0714,0.85899,-0.60319,-90.011,-5.5571,-20.12,-28.471,-23.423,14.324
-1.0072,-2.4536,-4.9094,-37.064,23.096,14.438,-20.228,-45.935,-48.799
-1.1309,-4.0745,-2.3749,-50.895,-21.478,64.908,-30.165,-52.563,-15.814
0.61846,0.78735,2.9498,-78.713,71.074,80.2,-123.1,-39.276,-37.395
6.9416,5.5879,1.9908,-20.895,16.993,33.967,-23.787,-37.509,42.706
0.83037,2.1149,2.7698,-4.2397,48.567,45.421,0.04526,32.169,2.7095
-6.8776,5.3343,-4.5137,20.642,12.102,5.4815,0.078785,-2.6466,25.504
-3.0317,7.7985,-3.5972,46.966,27.599,93.88,-126.74,-1.1405,33.094
5.6779,2.2797,1.3197,-20.793,-15.929,92.565,-15.534,39.028,-41.508
4.3088,9.2004,-3.0658,-44.928,-19.927,84.369,-130.07,33.22,18.843
4.0638,-5.5013,4.9817,-90.004,67.856,67.164,-14.144,38.296,-10.614
-5.8262,5.9208,1.9063,-52.032,18.631,-13.838,-39.687,-20.246,-33.638
2.1526,-4.9854,2.8419,-90.005,-15.254,67.645,-128.6,-18.955,27.946
9.2922,1.2039,3.4845,43.955,56.957,92.306,-112.82,-29.237,-21.659
-4.8494,-5.6832,0.25181,-67.252,4.2793,-22.293,-130.06,-31.871,15.93
3.9469,5.5722,1.5272,-4.2483,31.927,18.168,-93.305,-28.185,-33.887
-2.7693,7.4319,2.9693,-53.635,39.888,36.7,-130.09,-30.92,-7.1959
0.13179,6.4213,-2.9501,-89.161,76.71,65.506,0.04862,-2.3023,22.541
-1.5127,-8.5779,3.4532,-67.608,14.437,55.481,-37.11,-16.766,-20.463
-0.61859,-2.3945,1.9172,-48.965,-26.595,-10.255,0.052818,51.386,-28.458
6.6932,-9.4175,-3.6644,-48.32,84.01,89.046,-129.58,46.814,-27.219
9.1808,2.6183,-2.2057,-90.002,-5.883,62.36,-54.432,6.3651,34.138
2.7722,-9.646,-4.6382,-86.542,-22.396,1.9825,-130.14,-73.687,-5.4157
10.013,9.329,1.7399,-84.28,-4.5883,-23.784,0.052846,41.918,7.2615
3.4937,-3.4994,1.3616,-49.728,-11.738,2.1861,0.040888,27.901,-13.049
-5.3089,5.3552,-0.12512,-18.838,6.8569,41.772,-78.615,28.001,36.639
4.9048,-8.7566,-3.1041,-48.265,-16.811,104.31,-86.09,47.172,-17.78
-1.0532,1.5224,2.632,21.399,8.144,71.861,-40.393,-11.001,0.36238
-8.535,-5.9751,3.4985,2.1779,51.338,92.097,-91.161,21.269,29.354
-5.7285,-4.2489,1.8593,-29.65,36.839,10.625,-130.01,21.368,-42.337
7.0927,-9.2095,-0.5418,-42.412,-11.323,79.474,-10.337,-7.5521,41.151
3.7395,3.2038,2.7486,15.662,7.9227,-17.766,-130.07,-62.731,37.031
1.1199,-0.96179,-1.695,-83.896,9.9141,70.332,-84.466,-33.239,-21.859
5.5937,7.5677,0.71105,-24.233,55.242,12.895,-53.701,-24.696,29.737
3.0158,2.2691,2.5268,-67.808,62.639,60.947,-65.697,10.103,9.6468
-7.3115,-3.3777,-4.8399,2.8898,57.05,63.256,-96.705,32.364,19.877
-9.7281,7.2676,-3.1272,-80.37,-8.0191,30.017,-78.908,16.119,27.582
-6.4624,-5.4156,-3.6053,-45.026,47.125,0.18888,-34.655,-7.9112,21.55
-1.4937,2.455,-4.0838,-80.6,-12.031,-12.393,-20.446,9.5909,30.328
2.1148,8.3008,0.73925,42.8,-27.895,28.061,0.052277,25.198,19.853
-8.81,-4.9581,0.38448,-43.433,6.5179,-2.6723,-70.163,25.66,13.265
4.5332,-9.4138,0.52787,-24.971,15.377,4.9729,-67.627,22.384,-40.357
1.8846,2.8517,-4.3647,-48.459,-14.761,69.692,0.047067,-30.649,22.971
0.62626,-5.932,0.7024,-22.27,1.8058,27.609,-97.336,35.1,-10.72
8.3862,-2.6278,0.65042,-43.524,77.38,74.571,-102.62,-50.452,-29.038
1.0276,4.2222,-4.3741,-76.939,42.772,-6.549,0.051447,30.766,-7.7751
9.3681,7.5477,-2.5945,-43.374,-21.048,37.961,-107.72,26.55,35.078
0.85303,-3.558,-2.5401,-89.862,-9.6096,92.526,0.036049,1.8915,-12.613
-4.8156,3.6021,0.30113,-90.006,51.535,7.1838,-64.709,-7.0778,17.39
0.090003,2.6918,2.271,-49.929,12.734,16.715,-56.754,13.633,14.719
-6.4297,-4.0645,-4.543,-32.082,65.441,21.589,-88.148,39.712,5.9958
7.2386,5.5379,-3.9603,-76.344,87.281,30.835,-59.94,-0.31679,47.342
-8.0854,-3.0562,-4.2708,-35.641,85.88,1.491,0.031382,-23.749,-34.232
3.4965,-7.5014,-2.4775,-21.472,12.1,38.196,-2.1809,-40.965,-9.4523
9.3105,-8.32,-1.9367,11.551,23.885,99.9,-89.538,17.346,13.426
-7.9572,-8.3871,4.0124,-87.786,29.462,3.7819,0.071464,-7.6393,19.749
6.7869,-0.30336,-2.6614,-43.779,7.7413,91.178,-63.02,25.076,34.349
-3.6492,6.205,-4.0034,-60.095,23.971,7.089,-130.08,-14.047,28.064
7.399,4.8495,-3.9092,-21.433,68.656,-30.794,-130.09,-10.411,-29.05
-7.7715,3.5901,4.7147,1.2272,-1.3162,77.326,-130.06,-16.818,24.999
-9.5868,0.34263,-2.4011,-90.005,59.826,46.013,-82.411,7.4885,47.467
-4.7115,-8.2525,1.856,-41.163,-11.591,11.582,-112.68,13.443,8.6415
1.435,1.451,1.015,-89.875,-25.582,26.619,-0.37219,14.779,47.972
0.71715,8.0142,1.6676,-22.905,-19.398,-16.044,-130.08,7.9736,39.927
-3.194,-4.3895,-0.27076,-90.006,20.997,88.941,-129.1,-15.548,10.024
7.4117,7.757,-1.2794,-52.201,-9.7654,-16.455,-66.471,37.149,-45.163
4.5837,-6.3432,-3.9288,-22.891,-6.7618,11.172,0.050745,41.717,-28.229
6.4662,-0.55033,3.7892,-58.515,35.999,29.16,-52.789,21.887,13.567
5.2856,3.4944,2.2581,-48.32,15.755,9.7404,-121.9,54.919,-21.161
-7.5034,4.0145,2.6014,-58.953,51.724,61.759,-14.777,-37.15,-1.5329
-5.7627,9.664,-2.4451,-0.12141,31.923,39.23,-77.342,-53.356,-32.711
-4.5953,-9.5353,0.59352,-78.701,80.235,7.4776,-60.835,-3.1642,-23.558
9.1831,6.8679,-1.1817,-90.005,57.643,54.349,-52.868,-41.314,-18.754
2.9723,-8.6164,4.9633,-66.407,25.089,44.559,0.058651,35.366,27.991
3.0865,2.1546,-0.23112,-18.897,15.423,77.033,-120.35,-9.2032,-19.915
4.4297,-6.0216,-2.2001,-14.375,-7.1053,14.543,0.052555,-25.064,31.546
-8.3601,-3.6531,-1.8583,-54.456,48.597,19.545,-82.868,31.034,4.4996
-2.6303,6.9429,3.6521,-90.008,83.358,-22.769,-92.791,15.47,-11.777
5.473,-3.0124,4.6701,-57.632,37.701,-7.9733,0.071801,-0.33811,20.833
-6.1373,-6.8584,-2.2738,-62.285,-25.805,-20.93,-59.493,3.0221,-22.474
-9.6258,0.26192,4.1749,-9.8475,63.581,14.012,-130.1,-34.628,37.057
-3.2804,-7.6909,2.8696,-32.15,-12.862,23.713,-45.184,2.9632,16.181
-4.043,-9.8949,-3.337,14.092,58.178,-18.53,-75.712,35.355,38.56
-1.4306,0.71607,4.5006,-28.525,68.198,56.941,-44.834,23.257,-48.842
5.0166,4.1667,-0.60915,14.624,68.058,69.897,-130.09,-40.478,7.8559
-3.3878,4.541,1.9784,-35.658,74.061,-20.53,0.059785,50.137,11.991
-9.976,1.1809,4.223,-46.39,11.948,24.122,0.056573,27.76,-11.324
-3.9922,-9.7674,-2.6083,-33.425,-13.071,3.5765,0.074588,17.435,5.3005
1.2212,-3.434,1.5367,-2.8139,67.483,48.034,0.057898,9.3907,4.955
7.2709,-5.0615,-3.1038,-90.003,15.468,72.748,-18.001,29.093,-17.915
-9.6882,6.2495,-3.0289,-73.034,23.993,42.805,-80.091,40.127,-2.3453
-2.5134,3.8822,-1.9673,-39.268,61.134,28.054,-108,-7.9383,-31.225
-0.66335,-0.37023,-4.5334,-89.893,7.6475,98.254,0.05184,37.58,-21.435
-5.1769,3.0637,1.3026,-42.512,60.597,20.17,-64.281,21.747,-16.374
0.86138,8.3584,-3.6023,3.2272,3.3601,84.522,-45.917,-0.46018,-49.044
6.6031,3.9939,-3.6005,-19.42,26.096,89.95,-36.84,22.349,14.164
5.2832,-2.0974,-4.3673,-40.331,17.566,73.495,-2.8978,37.981,40.651
1.9368,-7.1455,-4.535,18.22,41.07,-27.164,0.062855,42.002,-43.113
6.0148,6.2067,-3.2197,-5.0799,49.58,96.416,-15.787,18.509,-42.889
-2.4946,9.4791,2.12,-87.988,-0.70312,65.666,-130.08,-33.275,-42.585
-0.43064,0.019513,0.97084,-79.152,34.877,37.715,-129.74,-10.573,-11.138
9.2721,-9.6494,-2.7739,-8.3713,63.093,13.804,-72.258,55.7,25.959
9.5926,1.8427,0.87095,-6.9127,64.837,34.59,0.04916,17.141,-16.694
-2.6169,2.1277,-4.9358,-86.337,85.767,56.594,-125.73,17.26,-0.3084
-4.5228,7.6999,4.0566,-63.09,20.245,41.312,-86.196,-40.011,-3.2035
5.5198,-0.93065,-2.7601,-2.7355,44.934,68.067,-130.09,-14.402,-10.949
4.7864,-8.9161,-2.5786,7.0791,22.338,-35.39,0.065841,2.6506,23.181
9.0472,0.63672,-3.3515,-50.963,3.1547,55.581,0.044419,-30.492,-46.008
-1.7551,-1.9237,-3.4696,-7.8523,75.286,-18.949,-31.276,15.624,-32.874
8.321,-6.5928,-3.0675,7.5716,25.243,65.282,-90.383,-30.047,7.1076
-7.5809,-4.4825,-3.5534,-35.38,61.064,66.511,0.039671,-3.9437,29.43
3.7442,-3.7958,4.4341,-63.906,53.85,-9.4222,0.044867,18.067,-41.509
1.8218,9.924,-4.6061,-51.91,6.1834,12.068,-4.9069,22.86,4.0987
-3.3246,6.8662,4.4943,5.1239,-26.754,57.117,0.058646,30.651,-33.071
-6.4267,-6.5166,-3.5195,-90.009,75.833,33.757,-83.904,-32.064,-6.0705
-7.6863,-4.8001,4.953,-41.037,60.016,58.506,-129.52,30.327,14.915
7.1517,-6.8725,-1.7774,-51.747,17.521,-0.65955,-110.88,-7.597,31.234
-9.3757,-2.593,-1.1548,12.031,81.022,-2.6122,-124.9,-13.186,-3.8639
8.0406,4.425,-0.56396,-69.264,19.879,-22.506,-66.798,4.89,-43.247
4.9846,4.9064,3.4833,-41.592,11.076,77.08,0.067564,-16.701,40.78
-7.5273,9.7276,-2.8958,-54.486,28.117,27.469,-4.4461,11.858,22.144
7.9093,1.9535,-0.039932,-60.778,67.911,-15.523,0.053643,18.285,24.713
-1.2293,7.8593,4.3147,-21.208,57.081,73.24,-40.781,-34.4,3.7535
-1.6524,-4.6186,2.31,-14.268,14.969,24.019,0.028969,33.454,-41.977
-9.1552,-5.4911,-1.481,-24.75,28.144,-14.162,0.050954,30.029,-50.471
-6.8408,-2.7719,-4.4202,-9.8514,76.839,-17.288,-0.72315,-44.002,7.896
4.6364,-7.0744,1.1615,5.6953,68.293,14.494,-130.06,-54.285,-40.712
-6.2678,6.6725,-4.3679,-20.317,-22.854,4.8637,-114.05,-29.053,9.8643
2.6727,-1.9858,-1.4483,-28.148,71.084,17.651,-130.09,0.92521,30.779
-4.6722,-8.1413,1.7176,14.63,48.812,15.95,-125.35,-18.566,19.329
-8.1522,6.6637,-0.73446,-90.006,42.557,39.375,-129.93,-60.968,22.622
6.4505,3.3109,1.5823,-3.189,-12.325,47.497,0.054133,-3.5451,11.185
7.1461,-1.1653,3.3204,-52.099,31.23,58.93,-72.008,-24.546,-23.643
9.5794,5.5412,-2.8541,57.683,-22.237,-45.166,-0.033082,-9.7731,-11.799
-1.8068,8.9631,-2.7621,-80.569,-29.131,10.857,-65.27,-32.606,20.659
-8.2061,-4.8636,-0.88829,-59.121,59.869,-20.475,-16.06,-11.7,-9.0211
-3.9077,8.9287,2.7021,8.3675,-16.268,3.3704,-29.981,-43.252,-22.319
-7.8356,-1.057,-3.7351,-17.305,0.84478,-25.632,0.07702,23.88,-19.61
-1.8297,-3.5393,-1.4071,-76.548,59.736,-8.8679,-57.349,-12.33,20.642
-3.1736,-5.3626,2.0938,-35.124,83.125,50.964,0.043148,35.151,20.388
-5.9167,-9.185,0.43814,-90.005,38.881,32.999,-124,8.4447,-43.63
-9.2126,4.1158,2.6749,-73.111,17.042,71.775,-32.195,20.205,-36.16
5.406,-5.6684,-3.5677,-77.921,-3.0955,8.6626,-104.64,-12.281,-18.917
4.7216,4.0506,3.5438,-82.332,-14.557,24.848,0.051913,19.157,-27.052
9.8849,9.814,2.2274,11.844,13.755,-5.9257,-130.08,-0.18565,49.864
4.4073,-4.2006,0.99654,4.8301,38.541,89.486,-112.64,-28.631,25.968
2.2431,6.9758,1.3858,-24.8,80.687,7.6723,-40.295,-35.842,28.943
4.3023,-8.0649,4.1292,18.364,-11.452,14.901,-130.1,-35.281,-24.315
4.2327,-8.6043,0.25509,12.557,-21.443,58.335,0.044616,-8.0868,11.1
-8.7957,-8.3318,0.86273,-74.365,-17.683,19.21,-85.589,-32.433,-11.091
-6.3426,-3.1441,3.4957,7.7369,34.537,88.021,-130.11,-51.246,-50.278
4.0881,2.9974,3.6739,-66.117,9.7305,-16.224,0.081066,-2.7039,35.715
6.9277,9.2578,-1.9633,-76.046,81.899,67.511,-112.39,-1.2546,9.6747
-6.8801,-7.8151,0.22768,-43.563,-10.339,-12.22,0.042904,-3.4845,-1.1592
-9.7457,4.0012,3.5311,-60.274,66.763,84.554,0.044693,60.67,-6.1176
8.9141,7.2027,-0.90381,16.672,26.236,58.295,0.050944,-4.3158,11.688
9.1024,7.7246,4.7235,20.014,18.078,49.563,-73.854,-32.75,28.26
9.567,-0.20261,-0.6015,-51.959,-15.412,83.972,-130.03,-12.031,-19.078
-8.8358,-5.4102,4.8908,-64.541,-24.214,36.052,-115.68,-0.96709,6.5645
-6.0625,9.7112,4.0362,21.881,14.591,93.964,-26.413,-21.403,-41.145
-9.6964,-4.7517,2.2268,-36.926,73.193,-2.8391,-69.045,-23.16,5.7923
-0.20609,1.8864,-4.9567,-30.583,57.964,42.274,-23.013,8.9051,-46.282
-0.93074,2.3703,-3.8313,-89.679,-27.716,-16.243,-21.23,-1.1477,35.237
-9.622,4.9195,-3.3642,-56.12,40.363,69.435,-94.176,-15.814,3.22
3.693,-2.234,-2.7037,-19.501,-14.329,4.6107,-25.322,-13.041,37.331
2.3547,-3.2451,-3.3399,57.284,31.709,83.607,-74.698,29.228,28.141
-1.2165,7.7266,4.1344,21.938,27.044,69.582,-65.279,8.8096,-16.622
0.93884,9.2907,-3.128,-85.978,23.292,27.337,-41.811,22.397,23.387
3.4384,-1.5168,-1.8102,33.376,60.115,22.275,-86.054,3.677,24.486
7.1385,-2.3,-2.2643,24.061,29.1,17.249,0.069746,-27.829,-18.534
-2.7503,2.8685,-4.0313,-90.005,7.2469,86.891,-82.483,30.287,16.257
-6.249,7.8823,-4.4152,-38.352,72.326,-13.139,-105.1,-2.6331,-19.344
-4.0842,-6.1616,-1.7628,0.98908,50.045,55.793,-130.05,-13.998,-19.284
2.8192,7.3113,-1.0937,15.883,7.7923,-30.641,-124.07,21.117,32.294
-8.5434,3.5797,-1.406,-69.641,-24.054,52.104,-130.07,-51.373,-25.723
4.0054,-1.1668,3.7897,-75.51,-17.216,-2.9107,-119.24,5.349,3.2699
-4.1103,0.37151,2.2014,5.2046,8.8504,2.7098,-13.204,-16.677,-45.858
7.7424,7.975,0.34325,-38.081,20.054,-20.367,-18.09,-23.254,5.2443
6.774,3.5345,3.1175,-90.005,38.485,1.8262,-130.13,-52.514,18.529
5.7246,5.4497,1.5894,-21.66,-1.6246,-15.157,-104.28,-2.0697,10.106
-5.3709,1.3493,-4.0755,8.6905,-8.8047,34.419,0.066724,34.323,13.89
9.6904,-4.441,-2.7369,-48.555,78.304,21.756,-130.1,-55.526,-3.1405
-2.2361,4.5498,4.6941,50.482,45.218,66.34,0.076134,2.9891,-25.716
-2.3841,4.2403,-3.7651,-89.763,38.267,82.216,-130.07,16.584,-46.256
-7.4174,-9.2726,-0.98444,21.894,76.607,44.488,0.053691,-43.15,28.302
6.2306,-8.7164,-0.13634,-6.4969,17.03,45.157,-41.386,2.1489,-45.404
-8.7005,4.0113,-1.8419,-12.629,-8.3146,-11.651,-77.642,-6.4731,-1.9524
7.6151,-5.1391,1.9744,-45.81,22.799,-15.156,-99.812,36.941,-7.6457
1.0912,-2.3733,-0.46074,-23.425,51.373,-33.287,0.071264,29.394,-23.293
2.8172,3.9149,4.3157,29.542,8.4099,28.585,0.077296,-43.236,-6.216
9.2228,9.3588,3.5546,-2.5905,10.87,80.284,-8.4788,23.391,5.595
9.1646,-8.6035,-2.8233,7.5717,50.359,48.03,-2.7486,47.122,50.096
-1.4152,-5.7256,-1.8997,9.4519,86.722,-16.837,0.076363,24.481,31.178
-5.1484,-5.6619,-3.9002,-60.495,0.53784,63.224,0.050638,27.957,5.4482
3.8452,-5.106,4.3734,-43.299,81.574,21.147,0.058223,1.9961,26.519
5.5977,-2.825,-2.0622,-70.414,78.577,5.3775,0.042415,-39.282,-28.939
-1.5814,-2.0776,-3.9696,-43.056,63.293,23.196,-106.3,-13.405,19.973
-7.6532,-8.0909,-2.2745,-68.818,-10.097,88.24,-15.944,-5.5202,22.273
9.3367,-2.1776,1.5435,-90.006,76.911,84.042,-58.938,-8.2655,-14.338
8.8557,9.717,4.0521,-85.085,-19.623,30.135,-98.625,-16.737,23.95
2.9454,-1.804,3.2617,15.555,15.27,37.121,-130.07,-17.36,13.026
-4.5417,-0.70273,-0.6725,-57.274,79.309,12.834,-46.746,-27.073,0.059967
-4.0341,1.8383,3.4219,-42.842,63.812,-5.9865,-129.39,-9.3055,-50.262
-5.4726,8.3857,-3.0064,-73.464,51.485,-26.544,0.083164,16.932,-8.1675
8.8325,-7.3725,-1.6299,4.8486,-12.906,40.702,-4.1913,33.334,-4.9442
-7.5808,-6.9537,1.9671,-64.857,0.090322,10.289,-130.08,-32.136,-48.972
0.84506,-3.001,0.043528,-84.353,2.9511,27.917,-125.27,-47.313,-9.898
-3.8753,-0.54689,1.5887,-26.214,22.532,-39.041,-46.873,30.573,40.939
7.0352,7.8199,1.2823,-84.414,0.098379,82.14,-90.968,27.466,38.222
-9.4013,-5.4323,0.39424,-32.728,60.81,74.27,-114.06,1.6908,9.3474
6.2305,5.9699,-2.1743,-24.555,-0.46646,-6.6995,-107.21,-3.2116,-17.731
8.0116,7.4849,-2.767,-30.951,82.417,47.164,-99.421,-24.02,19.636
4.4614,-9.4502,-2.3092,59.107,-26.495,69.854,-57.514,-18.17,20.288
5.5003,9.7341,4.4478,-33.224,85.091,-15.461,-130.1,-32.441,3.1371
-8.2488,-5.6951,1.7805,-63.389,28.986,52.53,-104.52,8.9698,30.671
6.7456,-0.21234,-3.9747,-28.097,-11.798,78.824,-60.643,-27.421,-29.071
-7.9553,5.3981,-2.0554,-28.923,1.1021,91.32,-80.282,21.8,-34.279
5.6939,3.2887,2.3078,-74.271,14.298,60.683,-122.96,-25.953,37.819
2.861,-8.7907,2.3554,49.423,54.339,58.932,-130.08,35.526,-40.176
7.2078,-9.5961,-2.8284,-53.248,77.806,57.717,0.064728,3.9618,-40.48
5.7389,6.3684,2.2947,-17.895,9.8183,40.108,-130.03,-46.465,9.5869
8.6867,-6.4268,4.9262,-16.793,33.545,3.7011,0.033177,-30.614,24.659
6.6282,2.4086,-3.283,-89.717,-0.64844,-20.883,-36.355,-25.068,-20.848
3.6747,-3.8233,-2.0731,-62.342,6.7761,43.006,-122.48,-27.846,41.907
-5.2574,2.083,0.39828,-11.365,75.234,16.859,-10.33,22.538,19.313
-7.4932,-2.2765,4.6455,-89.97,4.4352,68.165,-88.087,12.4,26.481
-9.6825,1.1261,2.7927,-75.044,-0.96953,28.346,-18.365,38.078,-23.039
-8.4267,3.2954,0.22545,-30.984,28.928,18.557,-130.06,30.591,25.988
-0.86606,-3.4956,-1.616,-31.207,-1.8682,15.899,0.041574,53.56,-0.17759
-6.841,-1.955,0.97904,32.58,79.177,-13.93,-130.09,-21.941,-20.287
0.12298,5.9073,1.8752,-77.672,45.215,-1.0648,-39.334,18.514,13.787
-3.0023,8.7426,2.2491,-8.8615,28.612,44.221,-40.538,17.797,-25.351
2.9396,3.5976,4.4283,50.303,20.548,53.87,-57.691,13.465,-41.242
-4.8074,9.3904,2.8591,-26.397,87.805,52.935,-75.385,-5.0648,-2.5424
