5.0253,-4.8981,0.059571,-13.102,76.908,85.115,-71.138,-32.524,-35.071
5.0254,-4.8975,0.059815,-13.166,76.906,85.056,-71.138,-32.574,-35.056
5.0252,-4.8942,0.060823,-13.269,76.901,84.975,-71.132,-32.728,-35.04
5.025,-4.8887,0.062422,-13.395,76.895,84.888,-71.116,-32.96,-35.023
5.0249,-4.8827,0.064388,-13.543,76.887,84.795,-71.087,-33.247,-35.006
5.025,-4.8781,0.066569,-13.714,76.877,84.698,-71.043,-33.572,-34.988
5.0254,-4.8758,0.06885,-13.907,76.867,84.598,-70.979,-33.924,-34.971
5.0259,-4.8763,0.071124,-14.12,76.857,84.495,-70.892,-34.292,-34.953
5.0264,-4.879,0.073283,-14.352,76.847,84.393,-70.781,-34.67,-34.935
5.0267,-4.8828,0.075228,-14.6,76.837,84.292,-70.644,-35.052,-34.917
5.0268,-4.8865,0.076876,-14.863,76.829,84.193,-70.479,-35.434,-34.898
5.0267,-4.8889,0.078183,-15.14,76.821,84.097,-70.285,-35.813,-34.879
5.0262,-4.8897,0.079144,-15.433,76.815,84.002,-70.06,-36.185,-34.86
5.0257,-4.8888,0.079797,-15.741,76.808,83.908,-69.802,-36.549,-34.84
5.0251,-4.8866,0.08021,-16.066,76.801,83.815,-69.508,-36.904,-34.821
5.0247,-4.8841,0.080462,-16.407,76.793,83.721,-69.177,-37.249,-34.801
5.0244,-4.8819,0.080627,-16.765,76.785,83.627,-68.804,-37.583,-34.781
5.0243,-4.8808,0.08076,-17.138,76.776,83.534,-68.388,-37.905,-34.762
5.0243,-4.8808,0.080891,-17.526,76.768,83.441,-67.925,-38.216,-34.742
5.0243,-4.8819,0.081021,-17.929,76.759,83.349,-67.414,-38.515,-34.722
5.0243,-4.8835,0.081136,-18.345,76.751,83.259,-66.851,-38.802,-34.702
5.0242,-4.8851,0.081213,-18.773,76.744,83.17,-66.236,-39.076,-34.682
5.0241,-4.8862,0.081235,-19.213,76.736,83.084,-65.564,-39.336,-34.661
5.0238,-4.8866,0.081197,-19.666,76.729,82.999,-64.834,-39.582,-34.64
5.0235,-4.8861,0.081105,-20.131,76.722,82.916,-64.044,-39.814,-34.619
5.0232,-4.8851,0.080982,-20.609,76.715,82.835,-63.189,-40.032,-34.598
5.0229,-4.8839,0.080852,-21.101,76.707,82.754,-62.266,-40.236,-34.576
5.0227,-4.8827,0.080741,-21.606,76.7,82.676,-61.272,-40.424,-34.555
5.0226,-4.882,0.080665,-22.126,76.691,82.598,-60.203,-40.598,-34.533
5.0226,-4.8817,0.080631,-22.661,76.683,82.522,-59.053,-40.756,-34.511
5.0226,-4.8819,0.080635,-23.212,76.675,82.449,-57.819,-40.899,-34.488
5.0227,-4.8823,0.080665,-23.778,76.667,82.377,-56.495,-41.025,-34.465
5.0227,-4.8827,0.080707,-24.363,76.658,82.309,-55.077,-41.133,-34.442
5.0227,-4.8829,0.08075,-24.966,76.65,82.243,-53.558,-41.224,-34.418
5.0227,-4.8827,0.080788,-25.59,76.642,82.179,-51.932,-41.295,-34.394
5.0227,-4.8821,0.080827,-26.237,76.633,82.119,-50.191,-41.346,-34.369
5.0228,-4.8811,0.080878,-26.909,76.624,82.063,-48.326,-41.376,-34.344
5.023,-4.8798,0.08096,-27.611,76.615,82.01,-46.328,-41.383,-34.318
5.0232,-4.8784,0.081091,-28.346,76.605,81.961,-44.186,-41.367,-34.291
5.0237,-4.877,0.081293,-29.117,76.595,81.916,-41.888,-41.326,-34.264
5.0243,-4.8755,0.081583,-29.931,76.584,81.877,-39.419,-41.26,-34.236
5.025,-4.874,0.081983,-30.792,76.572,81.843,-36.764,-41.167,-34.207
5.0261,-4.8721,0.082515,-31.706,76.559,81.816,-33.906,-41.045,-34.176
5.0273,-4.8697,0.083208,-32.681,76.546,81.797,-30.826,-40.893,-34.145
5.0289,-4.8666,0.084106,-33.724,76.531,81.787,-27.501,-40.707,-34.112
5.0309,-4.8626,0.085266,-34.841,76.515,81.788,-23.911,-40.486,-34.077
5.0334,-4.8573,0.086766,-36.039,76.497,81.803,-20.032,-40.228,-34.04
5.0365,-4.8507,0.088706,-37.323,76.477,81.833,-15.845,-39.934,-33.999
5.0403,-4.8426,0.091203,-38.694,76.454,81.883,-11.338,-39.604,-33.954
5.0449,-4.8329,0.094376,-40.148,76.427,81.956,-6.5112,-39.242,-33.904
5.0503,-4.8222,0.098315,-41.669,76.398,82.054,-1.3899,-38.86,-33.848
5.0413,-4.8145,0.10771,-42.288,76.394,81.619,0.060091,-38.302,-33.611
5.0344,-4.8459,0.11176,-41.819,76.373,81.702,0.060815,-37.971,-33.57
5.0298,-4.8814,0.11369,-41.345,76.357,81.768,0.061514,-37.727,-33.529
5.0257,-4.9087,0.11382,-40.879,76.351,81.799,0.062231,-37.532,-33.487
5.0217,-4.922,0.1121,-40.412,76.354,81.805,0.062963,-37.356,-33.444
5.018,-4.92,0.10879,-39.931,76.359,81.801,0.063702,-37.183,-33.4
5.015,-4.906,0.10444,-39.423,76.364,81.8,0.064434,-37.008,-33.356
5.0134,-4.8857,0.099726,-38.879,76.365,81.812,0.065152,-36.831,-33.312
5.0133,-4.8653,0.095345,-38.296,76.361,81.841,0.06585,-36.66,-33.268
5.0146,-4.8515,0.092176,-37.75,76.352,81.88,0.066448,-36.518,-33.229
5.0145,-4.8509,0.092264,-37.747,76.349,81.881,0.066553,-36.528,-33.218
5.0142,-4.8478,0.092725,-37.734,76.345,81.887,0.066661,-36.563,-33.205
5.0138,-4.843,0.093489,-37.712,76.339,81.896,0.066769,-36.619,-33.193
5.0136,-4.8379,0.094482,-37.682,76.331,81.909,0.066876,-36.693,-33.18
5.0136,-4.8338,0.095661,-37.643,76.322,81.927,0.06698,-36.781,-33.167
5.0138,-4.8315,0.09699,-37.596,76.312,81.948,0.067083,-36.883,-33.155
5.0141,-4.8313,0.09841,-37.543,76.302,81.971,0.067185,-36.996,-33.142
5.0146,-4.8327,0.099844,-37.486,76.292,81.993,0.067287,-37.117,-33.129
5.0149,-4.8353,0.1012,-37.426,76.282,82.013,0.067391,-37.244,-33.116
5.0151,-4.838,0.10239,-37.362,76.273,82.031,0.067498,-37.374,-33.103
5.0151,-4.8402,0.10336,-37.296,76.266,82.047,0.067609,-37.505,-33.09
5.0149,-4.8415,0.10408,-37.227,76.259,82.061,0.067722,-37.635,-33.077
5.0147,-4.8416,0.10456,-37.153,76.252,82.074,0.067837,-37.763,-33.064
5.0144,-4.8408,0.10482,-37.075,76.245,82.087,0.067954,-37.89,-33.051
5.0142,-4.8395,0.10494,-36.99,76.239,82.101,0.06807,-38.015,-33.038
5.014,-4.8381,0.10497,-36.9,76.232,82.115,0.068187,-38.138,-33.025
5.014,-4.837,0.10495,-36.803,76.225,82.131,0.068304,-38.261,-33.013
5.014,-4.8365,0.10494,-36.701,76.218,82.148,0.06842,-38.383,-33
5.0141,-4.8366,0.10493,-36.594,76.211,82.165,0.068537,-38.505,-32.987
5.0142,-4.8373,0.10494,-36.482,76.204,82.181,0.068655,-38.626,-32.974
5.0143,-4.8382,0.10494,-36.365,76.198,82.197,0.068774,-38.745,-32.962
5.0144,-4.8391,0.10492,-36.243,76.192,82.212,0.068894,-38.863,-32.949
5.0144,-4.8399,0.10487,-36.117,76.186,82.226,0.069015,-38.978,-32.936
5.0144,-4.8403,0.10478,-35.986,76.181,82.239,0.069137,-39.09,-32.924
5.0143,-4.8404,0.10465,-35.851,76.176,82.252,0.069261,-39.2,-32.911
5.0142,-4.8402,0.10449,-35.709,76.171,82.265,0.069385,-39.307,-32.899
5.0142,-4.8399,0.10431,-35.562,76.166,82.278,0.069509,-39.412,-32.886
5.0142,-4.8396,0.10413,-35.41,76.162,82.291,0.069633,-39.514,-32.874
5.0142,-4.8393,0.10395,-35.252,76.157,82.305,0.069758,-39.614,-32.862
5.0142,-4.8393,0.10379,-35.088,76.153,82.318,0.069882,-39.711,-32.85
5.0143,-4.8395,0.10364,-34.919,76.148,82.332,0.070007,-39.807,-32.838
5.0144,-4.8398,0.10351,-34.744,76.144,82.345,0.070132,-39.899,-32.826
5.0144,-4.8403,0.10337,-34.565,76.14,82.358,0.070258,-39.99,-32.814
5.0145,-4.8407,0.10324,-34.38,76.136,82.37,0.070384,-40.077,-32.802
5.0145,-4.841,0.10309,-34.189,76.133,82.382,0.07051,-40.162,-32.79
5.0145,-4.8413,0.10294,-33.994,76.13,82.394,0.070637,-40.243,-32.778
5.0145,-4.8414,0.10277,-33.793,76.127,82.405,0.070765,-40.322,-32.767
5.0145,-4.8414,0.10259,-33.586,76.124,82.416,0.070892,-40.397,-32.755
5.0145,-4.8415,0.1024,-33.374,76.121,82.428,0.071019,-40.469,-32.744
5.0146,-4.8415,0.10221,-33.157,76.119,82.439,0.071146,-40.538,-32.733
5.0146,-4.8416,0.10202,-32.934,76.116,82.45,0.071273,-40.603,-32.722
5.0146,-4.8417,0.10184,-32.705,76.114,82.46,0.0714,-40.666,-32.711
5.0147,-4.842,0.10165,-32.471,76.112,82.471,0.071526,-40.725,-32.7
5.0147,-4.8422,0.10146,-32.231,76.11,82.481,0.071653,-40.781,-32.689
5.0148,-4.8425,0.10128,-31.986,76.108,82.491,0.071779,-40.833,-32.678
5.0148,-4.8428,0.10108,-31.736,76.107,82.501,0.071906,-40.882,-32.668
5.0149,-4.8431,0.10088,-31.481,76.105,82.511,0.072033,-40.927,-32.658
5.0149,-4.8433,0.10068,-31.219,76.104,82.52,0.072159,-40.968,-32.647
5.015,-4.8435,0.10047,-30.953,76.103,82.529,0.072285,-41.006,-32.637
5.015,-4.8436,0.10026,-30.681,76.103,82.538,0.072411,-41.04,-32.627
5.0151,-4.8438,0.10005,-30.404,76.102,82.546,0.072537,-41.07,-32.617
5.0151,-4.844,0.09983,-30.121,76.101,82.554,0.072662,-41.096,-32.608
5.0152,-4.8442,0.099613,-29.833,76.101,82.563,0.072786,-41.118,-32.598
5.0152,-4.8444,0.099394,-29.539,76.101,82.571,0.07291,-41.137,-32.589
5.0153,-4.8447,0.099175,-29.24,76.101,82.578,0.073033,-41.151,-32.58
5.0154,-4.8449,0.098954,-28.936,76.101,82.586,0.073157,-41.162,-32.571
5.0154,-4.8452,0.098732,-28.627,76.102,82.593,0.073279,-41.168,-32.562
5.0155,-4.8455,0.098507,-28.312,76.102,82.599,0.073402,-41.17,-32.553
5.0156,-4.8457,0.09828,-27.992,76.103,82.606,0.073524,-41.168,-32.544
5.0156,-4.846,0.098079,-27.706,76.104,82.612,0.073631,-41.163,-32.537
5.0155,-4.8453,0.098135,-27.703,76.1,82.613,0.073631,-41.189,-32.529
5.015,-4.8419,0.098534,-27.693,76.095,82.618,0.07365,-41.262,-32.521
5.0144,-4.8369,0.09918,-27.678,76.089,82.626,0.073669,-41.366,-32.513
5.014,-4.832,0.099974,-27.657,76.082,82.638,0.073688,-41.489,-32.507
5.0139,-4.8288,0.10086,-27.631,76.075,82.653,0.073706,-41.621,-32.501
5.0141,-4.8281,0.10177,-27.602,76.067,82.669,0.073723,-41.756,-32.497
5.0144,-4.8301,0.10266,-27.572,76.06,82.685,0.07374,-41.887,-32.493
5.0148,-4.8341,0.10343,-27.542,76.054,82.698,0.073759,-42.005,-32.49
5.0151,-4.8394,0.10398,-27.515,76.05,82.707,0.073781,-42.106,-32.488
5.0153,-4.8448,0.10425,-27.49,76.049,82.712,0.073807,-42.182,-32.487
5.0152,-4.8495,0.10417,-27.468,76.049,82.711,0.073837,-42.231,-32.487
5.0149,-4.8528,0.10374,-27.447,76.052,82.707,0.07387,-42.248,-32.488
5.0146,-4.8547,0.10298,-27.427,76.056,82.7,0.073907,-42.232,-32.49
5.0143,-4.8554,0.10195,-27.407,76.062,82.692,0.073948,-42.183,-32.493
5.014,-4.8553,0.10073,-27.385,76.067,82.684,0.07399,-42.103,-32.496
5.0138,-4.8549,0.099409,-27.361,76.074,82.675,0.074035,-41.992,-32.501
5.0138,-4.8548,0.098056,-27.335,76.081,82.666,0.074081,-41.853,-32.506
5.0139,-4.8553,0.09672,-27.308,76.088,82.658,0.074128,-41.686,-32.511
5.0141,-4.8566,0.095428,-27.279,76.096,82.649,0.074178,-41.491,-32.518
5.0144,-4.8586,0.094183,-27.249,76.105,82.638,0.07423,-41.269,-32.526
5.0146,-4.8611,0.092972,-27.219,76.115,82.625,0.074285,-41.019,-32.534
5.0149,-4.8637,0.091773,-27.189,76.126,82.61,0.074343,-40.741,-32.543
5.015,-4.8662,0.090566,-27.158,76.138,82.593,0.074404,-40.435,-32.553
5.0152,-4.8684,0.089335,-27.128,76.151,82.573,0.074468,-40.1,-32.563
5.0152,-4.8702,0.088077,-27.096,76.165,82.552,0.074534,-39.738,-32.575
5.0152,-4.8713,0.086815,-27.063,76.18,82.53,0.074603,-39.353,-32.586
5.0152,-4.8718,0.085592,-27.027,76.195,82.506,0.074672,-38.952,-32.597
5.0152,-4.8715,0.084444,-26.99,76.209,82.483,0.074743,-38.538,-32.609
5.0152,-4.8708,0.083405,-26.948,76.224,82.46,0.074815,-38.116,-32.62
5.0152,-4.8699,0.0825,-26.904,76.238,82.438,0.074887,-37.687,-32.632
5.0153,-4.8691,0.081746,-26.856,76.251,82.416,0.074959,-37.256,-32.644
5.0154,-4.8685,0.081146,-26.804,76.264,82.395,0.075032,-36.823,-32.655
5.0156,-4.8683,0.080694,-26.749,76.277,82.374,0.075105,-36.389,-32.667
5.0158,-4.8684,0.080373,-26.691,76.289,82.354,0.075178,-35.957,-32.679
5.016,-4.8688,0.080158,-26.63,76.302,82.333,0.075252,-35.526,-32.691
5.0162,-4.8693,0.080022,-26.567,76.314,82.312,0.075328,-35.096,-32.703
5.0163,-4.8698,0.079941,-26.501,76.326,82.29,0.075402,-34.669,-32.715
5.0164,-4.8699,0.079914,-26.432,76.337,82.268,0.075476,-34.249,-32.726
5.0164,-4.8694,0.079958,-26.36,76.348,82.247,0.075549,-33.84,-32.736
5.0163,-4.8682,0.080087,-26.283,76.358,82.226,0.07562,-33.446,-32.745
5.0162,-4.8662,0.080317,-26.203,76.367,82.207,0.075689,-33.07,-32.753
5.0162,-4.8638,0.080664,-26.117,76.374,82.189,0.075755,-32.713,-32.761
5.0161,-4.8612,0.081144,-26.026,76.38,82.175,0.075819,-32.378,-32.768
5.0161,-4.8588,0.081764,-25.929,76.385,82.162,0.075881,-32.066,-32.773
5.0162,-4.8566,0.082524,-25.828,76.388,82.152,0.075939,-31.779,-32.778
5.0163,-4.8548,0.083413,-25.722,76.39,82.144,0.075995,-31.515,-32.782
5.0164,-4.8534,0.08441,-25.612,76.391,82.137,0.076048,-31.277,-32.786
5.0165,-4.8523,0.085489,-25.497,76.391,82.132,0.076099,-31.062,-32.788
5.0165,-4.8513,0.086625,-25.379,76.391,82.128,0.076147,-30.872,-32.789
5.0165,-4.8502,0.087796,-25.257,76.389,82.125,0.076192,-30.706,-32.789
5.0165,-4.8488,0.088989,-25.132,76.386,82.124,0.076234,-30.566,-32.788
5.0164,-4.8471,0.090197,-25.002,76.382,82.124,0.076272,-30.452,-32.786
5.0163,-4.8451,0.091417,-24.868,76.377,82.126,0.076306,-30.364,-32.783
5.0162,-4.8428,0.092653,-24.731,76.371,82.13,0.076337,-30.303,-32.779
5.0161,-4.8405,0.093909,-24.588,76.363,82.136,0.076364,-30.269,-32.773
5.016,-4.8381,0.095192,-24.442,76.354,82.145,0.076387,-30.263,-32.767
5.0159,-4.8359,0.096504,-24.292,76.344,82.156,0.076406,-30.285,-32.759
5.0158,-4.8338,0.097845,-24.137,76.333,82.169,0.076422,-30.335,-32.751
5.0158,-4.8319,0.09921,-23.98,76.321,82.184,0.076434,-30.412,-32.741
5.0157,-4.8304,0.10042,-23.838,76.31,82.199,0.076441,-30.504,-32.731
5.0159,-4.8307,0.10045,-23.839,76.311,82.188,0.024881,-30.549,-32.741
5.0163,-4.8324,0.10037,-23.827,76.314,82.173,-0.12256,-30.658,-32.75
5.0169,-4.8351,0.1002,-23.803,76.317,82.157,-0.35437,-30.802,-32.757
5.0174,-4.8378,0.099966,-23.766,76.321,82.138,-0.65891,-30.962,-32.764
5.0177,-4.8396,0.099669,-23.721,76.325,82.119,-1.0244,-31.12,-32.771
5.0178,-4.8403,0.099318,-23.666,76.329,82.101,-1.4389,-31.265,-32.776
5.0178,-4.8396,0.09893,-23.605,76.334,82.084,-1.891,-31.39,-32.78
5.0177,-4.8379,0.098536,-23.537,76.338,82.07,-2.3692,-31.49,-32.784
5.0176,-4.8357,0.098171,-23.463,76.341,82.059,-2.8626,-31.561,-32.787
5.0175,-4.8334,0.097871,-23.386,76.343,82.053,-3.3604,-31.601,-32.789
5.0174,-4.8317,0.097661,-23.308,76.345,82.05,-3.8521,-31.61,-32.791
5.0174,-4.8307,0.097547,-23.229,76.346,82.051,-4.3276,-31.586,-32.792
5.0173,-4.8305,0.09752,-23.153,76.346,82.055,-4.7769,-31.528,-32.792
5.0171,-4.8309,0.097563,-23.082,76.346,82.06,-5.1909,-31.439,-32.792
5.0169,-4.8317,0.097656,-23.016,76.347,82.066,-5.5606,-31.319,-32.79
5.0165,-4.8323,0.097774,-22.958,76.347,82.074,-5.8773,-31.168,-32.788
5.0159,-4.8326,0.097896,-22.908,76.347,82.084,-6.1322,-30.988,-32.785
5.0152,-4.8324,0.098011,-22.868,76.346,82.095,-6.3166,-30.78,-32.781
5.0145,-4.8317,0.09812,-22.838,76.346,82.107,-6.4217,-30.542,-32.776
5.0137,-4.8305,0.098231,-22.819,76.344,82.123,-6.4387,-30.276,-32.77
5.0129,-4.8292,0.098361,-22.813,76.343,82.141,-6.3586,-29.982,-32.764
5.0122,-4.8278,0.098524,-22.821,76.34,82.161,-6.1719,-29.66,-32.757
5.0116,-4.8265,0.098735,-22.844,76.337,82.185,-5.869,-29.309,-32.749
5.011,-4.8253,0.099,-22.884,76.333,82.211,-5.4395,-28.928,-32.739
5.0104,-4.8244,0.099325,-22.944,76.328,82.24,-4.8734,-28.517,-32.729
5.0101,-4.8235,0.099704,-23.025,76.324,82.272,-4.163,-28.077,-32.719
5.0098,-4.8228,0.10012,-23.13,76.319,82.307,-3.3008,-27.609,-32.707
5.0098,-4.8222,0.10058,-23.26,76.313,82.344,-2.2788,-27.112,-32.695
5.0099,-4.8213,0.10106,-23.417,76.308,82.384,-1.0887,-26.587,-32.682
5.0094,-4.8187,0.10217,-23.633,76.302,82.305,0.037007,-25.987,-32.636
5.0073,-4.821,0.10404,-23.312,76.304,82.299,0.038919,-25.348,-32.611
5.0063,-4.8273,0.10495,-22.924,76.3,82.324,0.040507,-24.699,-32.593
5.0054,-4.8323,0.10555,-22.503,76.298,82.345,0.042047,-24.031,-32.574
5.0046,-4.8349,0.10583,-22.045,76.297,82.362,0.043552,-23.34,-32.555
5.004,-4.8347,0.10584,-21.548,76.297,82.377,0.045024,-22.622,-32.535
5.0035,-4.8323,0.10563,-21.009,76.296,82.394,0.046466,-21.877,-32.515
5.0034,-4.8285,0.10531,-20.425,76.295,82.413,0.047854,-21.106,-32.495
5.0037,-4.8245,0.10495,-19.795,76.293,82.435,0.049174,-20.315,-32.476
5.0044,-4.8215,0.10462,-19.122,76.291,82.461,0.050432,-19.509,-32.458
5.0055,-4.8201,0.10436,-18.406,76.288,82.488,0.051636,-18.691,-32.44
5.0069,-4.8204,0.10418,-17.649,76.285,82.516,0.052792,-17.864,-32.423
5.0085,-4.8223,0.10406,-16.852,76.283,82.542,0.053907,-17.029,-32.407
5.0102,-4.8251,0.10395,-16.018,76.282,82.566,0.054984,-16.188,-32.392
5.0119,-4.8283,0.10382,-15.147,76.282,82.587,0.056027,-15.34,-32.377
5.0136,-4.8311,0.10361,-14.24,76.284,82.605,0.05704,-14.487,-32.362
5.0152,-4.833,0.10333,-13.297,76.287,82.62,0.058024,-13.63,-32.349
5.0168,-4.8341,0.10295,-12.318,76.29,82.634,0.058981,-12.769,-32.336
5.0184,-4.8342,0.1025,-11.302,76.294,82.646,0.059911,-11.908,-32.324
5.0202,-4.8336,0.102,-10.251,76.299,82.657,0.060797,-11.048,-32.312
5.0221,-4.8328,0.10148,-9.1646,76.303,82.668,0.061627,-10.2,-32.301
5.0241,-4.832,0.10097,-8.0455,76.308,82.679,0.062405,-9.3697,-32.291
5.0263,-4.8314,0.1005,-6.8954,76.312,82.689,0.063131,-8.5638,-32.282
5.0286,-4.8313,0.10009,-5.7166,76.316,82.699,0.063807,-7.7868,-32.274
5.0309,-4.8316,0.09973,-4.5113,76.321,82.707,0.064436,-7.0422,-32.266
5.0332,-4.8322,0.099425,-3.2817,76.326,82.715,0.065019,-6.333,-32.259
5.0356,-4.8331,0.099166,-2.0301,76.331,82.72,0.065557,-5.6612,-32.252
5.0378,-4.834,0.098941,-0.7584,76.337,82.723,0.066051,-5.0287,-32.246
5.0399,-4.8347,0.098741,0.5314,76.342,82.724,0.066501,-4.4368,-32.241
5.042,-4.8353,0.098561,1.8375,76.349,82.724,0.06691,-3.8866,-32.236
5.0436,-4.8356,0.098414,2.9993,76.354,82.722,0.067235,-3.4375,-32.232
5.0438,-4.836,0.098438,2.998,76.356,82.715,0.037472,-3.4712,-32.238
5.0444,-4.8383,0.098366,3.0015,76.36,82.703,-0.050916,-3.5596,-32.244
5.0451,-4.8419,0.098222,3.0113,76.364,82.687,-0.19754,-3.6882,-32.25
5.0458,-4.8457,0.098043,3.0269,76.37,82.668,-0.40203,-3.8457,-32.255
5.0463,-4.8487,0.09784,3.0486,76.377,82.644,-0.66379,-4.0239,-32.261
5.0467,-4.8504,0.097612,3.0769,76.384,82.619,-0.98209,-4.2168,-32.266
5.047,-4.8505,0.097358,3.1129,76.392,82.592,-1.3561,-4.4203,-32.27
5.0473,-4.8492,0.097088,3.1574,76.399,82.566,-1.7851,-4.6314,-32.275
5.0475,-4.8469,0.096815,3.2112,76.406,82.542,-2.2682,-4.848,-32.279
5.0479,-4.8443,0.096562,3.2742,76.411,82.52,-2.8045,-5.0687,-32.283
5.0484,-4.842,0.096351,3.3463,76.416,82.5,-3.3931,-5.2922,-32.287
5.049,-4.8404,0.096199,3.4267,76.42,82.482,-4.0328,-5.5172,-32.291
5.0497,-4.8396,0.096112,3.5143,76.424,82.466,-4.7221,-5.7427,-32.294
5.0504,-4.8395,0.0961,3.6086,76.427,82.45,-5.4597,-5.9667,-32.296
5.051,-4.8397,0.096164,3.7092,76.429,82.436,-6.2444,-6.1882,-32.298
5.0513,-4.8397,0.096298,3.816,76.431,82.422,-7.075,-6.4063,-32.299
5.0515,-4.8392,0.096489,3.9288,76.433,82.409,-7.9502,-6.6207,-32.3
5.0516,-4.8382,0.096726,4.0479,76.433,82.396,-8.8691,-6.8316,-32.3
5.0514,-4.8366,0.097,4.1731,76.433,82.385,-9.8307,-7.0391,-32.299
5.0512,-4.8345,0.097311,4.3045,76.432,82.375,-10.834,-7.2439,-32.298
5.051,-4.8322,0.09766,4.4418,76.43,82.366,-11.879,-7.4465,-32.296
5.0507,-4.83,0.098052,4.5848,76.426,82.358,-12.963,-7.6475,-32.294
5.0505,-4.8279,0.09849,4.7328,76.422,82.351,-14.088,-7.8475,-32.291
5.0502,-4.8262,0.098978,4.8855,76.416,82.344,-15.252,-8.0471,-32.287
5.05,-4.8248,0.099514,5.0423,76.41,82.336,-16.454,-8.247,-32.283
5.0498,-4.8238,0.10008,5.2027,76.403,82.329,-17.694,-8.4473,-32.279
5.0496,-4.8233,0.10067,5.3658,76.396,82.32,-18.971,-8.6478,-32.274
5.0494,-4.823,0.10125,5.531,76.389,82.311,-20.283,-8.8486,-32.27
5.0493,-4.823,0.10182,5.6975,76.381,82.301,-21.63,-9.0498,-32.265
5.0491,-4.823,0.10237,5.8647,76.374,82.289,-23.012,-9.2517,-32.26
5.049,-4.823,0.10288,6.032,76.366,82.276,-24.427,-9.4544,-32.255
5.0488,-4.8227,0.10337,6.199,76.359,82.261,-25.875,-9.6584,-32.249
5.0487,-4.8221,0.10382,6.365,76.351,82.245,-27.356,-9.8642,-32.244
5.0486,-4.8214,0.10425,6.5294,76.343,82.227,-28.868,-10.072,-32.238
5.0485,-4.8206,0.10466,6.6913,76.335,82.207,-30.412,-10.283,-32.233
5.0484,-4.8197,0.10505,6.8502,76.327,82.185,-31.987,-10.497,-32.227
5.0484,-4.8189,0.10544,7.0057,76.318,82.162,-33.591,-10.714,-32.221
5.0485,-4.8185,0.1058,7.1568,76.31,82.139,-35.22,-10.933,-32.215
5.0487,-4.8189,0.10611,7.3013,76.303,82.117,-36.87,-11.149,-32.21
5.049,-4.82,0.10633,7.4373,76.296,82.096,-38.535,-11.361,-32.206
5.0493,-4.8218,0.10647,7.563,76.29,82.075,-40.211,-11.567,-32.202
5.0497,-4.8241,0.10649,7.6769,76.285,82.056,-41.895,-11.765,-32.198
5.05,-4.8266,0.10641,7.7778,76.281,82.039,-43.582,-11.953,-32.194
5.0502,-4.8289,0.1062,7.8642,76.278,82.024,-45.27,-12.13,-32.191
5.0504,-4.8309,0.10586,7.935,76.277,82.012,-46.953,-12.295,-32.189
5.0505,-4.8324,0.10541,7.9888,76.276,82.003,-48.63,-12.448,-32.187
5.0506,-4.8335,0.10485,8.0243,76.277,81.997,-50.297,-12.587,-32.185
5.0506,-4.8343,0.1042,8.0402,76.277,81.994,-51.949,-12.711,-32.184
5.0506,-4.8349,0.10347,8.035,76.279,81.995,-53.585,-12.82,-32.183
5.0507,-4.8357,0.10268,8.0073,76.281,81.999,-55.199,-12.913,-32.182
5.0507,-4.8366,0.10186,7.9558,76.283,82.006,-56.788,-12.988,-32.182
5.0507,-4.8377,0.10101,7.8798,76.286,82.016,-58.348,-13.046,-32.181
5.0506,-4.8391,0.10014,7.7786,76.29,82.031,-59.876,-13.084,-32.181
5.0505,-4.8406,0.099249,7.6516,76.294,82.049,-61.369,-13.103,-32.182
5.0504,-4.8421,0.098335,7.4984,76.298,82.072,-62.822,-13.102,-32.182
5.0502,-4.8436,0.097398,7.3188,76.304,82.099,-64.234,-13.081,-32.183
5.05,-4.8449,0.096437,7.1125,76.309,82.131,-65.601,-13.038,-32.184
5.0497,-4.846,0.095451,6.8793,76.316,82.167,-66.92,-12.975,-32.185
5.0494,-4.8469,0.094444,6.6192,76.322,82.207,-68.188,-12.889,-32.187
5.049,-4.8475,0.093543,6.3681,76.328,82.246,-69.26,-12.796,-32.189
5.0488,-4.8468,0.093696,6.3052,76.325,82.194,-69.217,-12.748,-32.166
5.0479,-4.8432,0.09435,6.2046,76.32,82.126,-69.087,-12.648,-32.142
5.0468,-4.8375,0.095347,6.0825,76.314,82.058,-68.874,-12.52,-32.12
5.0458,-4.8317,0.096518,5.9393,76.306,81.99,-68.587,-12.38,-32.099
5.0452,-4.8273,0.097765,5.7762,76.298,81.923,-68.232,-12.239,-32.081
5.045,-4.8256,0.099022,5.5952,76.288,81.856,-67.815,-12.104,-32.063
5.0451,-4.8265,0.10024,5.3995,76.278,81.792,-67.345,-11.982,-32.048
5.0453,-4.8297,0.10135,5.1925,76.27,81.731,-66.829,-11.878,-32.033
5.0456,-4.8339,0.10232,4.9774,76.262,81.675,-66.276,-11.796,-32.02
5.0459,-4.8381,0.10308,4.7572,76.256,81.623,-65.697,-11.738,-32.008
5.046,-4.8411,0.10361,4.5342,76.252,81.577,-65.102,-11.707,-31.998
5.0461,-4.8424,0.10392,4.3102,76.248,81.534,-64.499,-11.705,-31.989
5.0461,-4.842,0.10401,4.0886,76.244,81.496,-63.899,-11.731,-31.981
5.0462,-4.8406,0.10389,3.8741,76.242,81.466,-63.31,-11.783,-31.977
5.0466,-4.8392,0.10355,3.6687,76.239,81.444,-62.739,-11.86,-31.975
5.0471,-4.8388,0.10303,3.4747,76.237,81.429,-62.195,-11.959,-31.976
5.0478,-4.8399,0.10235,3.2948,76.236,81.423,-61.686,-12.079,-31.98
5.0487,-4.8426,0.10153,3.1323,76.236,81.425,-61.221,-12.217,-31.987
5.0496,-4.8465,0.10057,2.9906,76.238,81.436,-60.81,-12.374,-31.997
5.0504,-4.851,0.099463,2.8732,76.242,81.457,-60.461,-12.548,-32.009
5.0512,-4.8555,0.098206,2.7834,76.248,81.487,-60.185,-12.74,-32.024
5.0517,-4.8594,0.096795,2.724,76.255,81.527,-59.992,-12.947,-32.041
5.0522,-4.8623,0.095238,2.6978,76.265,81.577,-59.892,-13.169,-32.062
5.0527,-4.8642,0.093555,2.707,76.275,81.635,-59.893,-13.407,-32.085
5.0531,-4.8653,0.091785,2.7493,76.287,81.699,-60.001,-13.654,-32.109
5.0534,-4.8656,0.090021,2.8168,76.298,81.762,-60.212,-13.901,-32.132
5.0537,-4.865,0.088367,2.9063,76.309,81.823,-60.514,-14.139,-32.153
5.0539,-4.8637,0.086893,3.0146,76.32,81.882,-60.9,-14.361,-32.173
5.0541,-4.862,0.085641,3.1386,76.329,81.939,-61.358,-14.564,-32.191
5.0542,-4.8602,0.084629,3.2749,76.338,81.994,-61.878,-14.743,-32.208
5.0543,-4.8588,0.083859,3.4208,76.346,82.046,-62.45,-14.897,-32.223
5.0544,-4.8579,0.083316,3.5733,76.353,82.097,-63.064,-15.024,-32.237
5.0544,-4.8575,0.082973,3.73,76.36,82.145,-63.709,-15.122,-32.249
5.0543,-4.8577,0.082796,3.8886,76.366,82.192,-64.377,-15.19,-32.26
5.0542,-4.858,0.082747,4.0468,76.372,82.238,-65.056,-15.228,-32.27
5.0539,-4.8584,0.082788,4.2026,76.377,82.281,-65.739,-15.236,-32.277
5.0536,-4.8586,0.082899,4.3516,76.382,82.322,-66.417,-15.213,-32.283
5.053,-4.8581,0.083104,4.4882,76.386,82.354,-67.081,-15.162,-32.286
5.0524,-4.8567,0.083441,4.6097,76.39,82.378,-67.723,-15.087,-32.287
5.0516,-4.8543,0.083937,4.7136,76.392,82.393,-68.336,-14.99,-32.284
5.0508,-4.8512,0.084608,4.7971,76.393,82.397,-68.91,-14.873,-32.279
5.05,-4.8477,0.085466,4.8579,76.392,82.391,-69.439,-14.737,-32.272
5.0493,-4.8443,0.086516,4.8937,76.389,82.374,-69.913,-14.583,-32.261
5.0485,-4.8414,0.087751,4.9029,76.385,82.346,-70.324,-14.412,-32.249
5.0478,-4.8392,0.089157,4.8839,76.38,82.307,-70.663,-14.223,-32.233
5.0471,-4.8377,0.090708,4.8357,76.373,82.257,-70.924,-14.016,-32.215
5.0464,-4.8366,0.092374,4.7569,76.366,82.197,-71.097,-13.791,-32.195
5.0456,-4.8357,0.094121,4.6463,76.358,82.128,-71.175,-13.549,-32.171
5.0448,-4.8347,0.095909,4.5076,76.349,82.053,-71.153,-13.292,-32.147
5.044,-4.8338,0.097647,4.3484,76.34,81.98,-71.037,-13.032,-32.125
5.0434,-4.8331,0.099246,4.171,76.331,81.91,-70.835,-12.779,-32.104
5.043,-4.833,0.10065,3.9773,76.322,81.842,-70.555,-12.538,-32.085
5.0428,-4.8335,0.10185,3.7692,76.314,81.776,-70.205,-12.315,-32.067
5.0427,-4.8343,0.10282,3.5487,76.306,81.714,-69.794,-12.113,-32.051
5.0428,-4.8353,0.10358,3.3177,76.298,81.655,-69.329,-11.935,-32.035
5.043,-4.8363,0.10413,3.0781,76.292,81.6,-68.821,-11.783,-32.021
5.0432,-4.837,0.1045,2.8317,76.285,81.547,-68.277,-11.66,-32.009
5.0436,-4.8374,0.1047,2.5803,76.279,81.498,-67.706,-11.565,-31.997
5.044,-4.8374,0.10478,2.3255,76.274,81.451,-67.117,-11.501,-31.987
5.0444,-4.8372,0.10475,2.0998,76.269,81.412,-66.591,-11.47,-31.98
5.0442,-4.8357,0.10507,2.035,76.265,81.346,-66.601,-11.489,-31.962
5.0436,-4.8293,0.10626,1.9434,76.258,81.255,-66.619,-11.556,-31.94
5.0428,-4.8195,0.10806,1.8389,76.248,81.157,-66.637,-11.657,-31.918
5.0422,-4.8092,0.11024,1.7179,76.235,81.051,-66.646,-11.776,-31.895
5.042,-4.8011,0.11265,1.5779,76.22,80.937,-66.636,-11.903,-31.87
5.0422,-4.7971,0.11517,1.4176,76.202,80.819,-66.598,-12.028,-31.845
5.0425,-4.7975,0.11771,1.237,76.185,80.697,-66.525,-12.147,-31.818
5.0429,-4.8016,0.12017,1.0368,76.167,80.573,-66.407,-12.256,-31.791
5.0431,-4.8077,0.12242,0.81727,76.151,80.45,-66.241,-12.351,-31.762
5.043,-4.8139,0.12437,0.57828,76.137,80.328,-66.019,-12.431,-31.731
5.0424,-4.8183,0.12596,0.31857,76.124,80.207,-65.737,-12.495,-31.7
5.0416,-4.82,0.12718,0.035947,76.112,80.087,-65.387,-12.541,-31.667
5.0405,-4.8187,0.12805,-0.27025,76.1,79.969,-64.965,-12.57,-31.633
5.0396,-4.8155,0.12859,-0.59864,76.088,79.856,-64.466,-12.58,-31.601
5.0388,-4.8116,0.12885,-0.95099,76.076,79.747,-63.886,-12.573,-31.57
5.0384,-4.8086,0.12889,-1.3289,76.063,79.644,-63.219,-12.547,-31.539
5.0383,-4.8074,0.12877,-1.7336,76.05,79.546,-62.462,-12.503,-31.509
5.0386,-4.8084,0.12852,-2.1657,76.038,79.454,-61.61,-12.439,-31.481
5.039,-4.8113,0.12816,-2.626,76.026,79.369,-60.659,-12.357,-31.452
5.0395,-4.8153,0.12767,-3.1152,76.016,79.291,-59.605,-12.257,-31.425
5.0399,-4.8195,0.12704,-3.6346,76.007,79.22,-58.443,-12.138,-31.398
5.0402,-4.823,0.12626,-4.1859,76,79.157,-57.171,-12.001,-31.372
5.0405,-4.8252,0.12532,-4.7712,75.995,79.101,-55.782,-11.847,-31.346
5.0408,-4.8258,0.12425,-5.3934,75.99,79.051,-54.273,-11.675,-31.322
5.0412,-4.8252,0.12308,-6.0543,75.985,79.01,-52.637,-11.487,-31.298
5.0417,-4.824,0.12185,-6.7544,75.981,78.976,-50.873,-11.286,-31.277
5.0426,-4.8228,0.1206,-7.4953,75.978,78.951,-48.98,-11.077,-31.258
5.0438,-4.8222,0.11935,-8.2788,75.974,78.934,-46.958,-10.861,-31.24
5.0452,-4.8226,0.11813,-9.1069,75.972,78.925,-44.804,-10.64,-31.225
5.0469,-4.824,0.11696,-9.9814,75.97,78.922,-42.518,-10.417,-31.211
5.0488,-4.826,0.11583,-10.904,75.97,78.926,-40.099,-10.192,-31.2
5.0509,-4.8282,0.11474,-11.877,75.97,78.935,-37.544,-9.968,-31.19
5.053,-4.8301,0.11367,-12.903,75.972,78.949,-34.854,-9.7448,-31.181
5.0553,-4.8314,0.11264,-13.982,75.976,78.967,-32.027,-9.5238,-31.174
5.0578,-4.8319,0.11164,-15.118,75.98,78.987,-29.064,-9.3063,-31.169
5.0604,-4.8315,0.11071,-16.31,75.985,79.01,-25.963,-9.0932,-31.165
5.0633,-4.8305,0.10988,-17.56,75.99,79.034,-22.729,-8.8866,-31.162
5.0664,-4.8289,0.1092,-18.866,75.995,79.058,-19.369,-8.6908,-31.161
5.0697,-4.827,0.10871,-20.225,76,79.081,-15.893,-8.5101,-31.16
5.0733,-4.8252,0.10843,-21.632,76.005,79.104,-12.317,-8.3484,-31.16
5.0769,-4.8237,0.10837,-23.08,76.01,79.124,-8.6596,-8.2094,-31.162
5.0805,-4.8229,0.10851,-24.562,76.015,79.141,-4.944,-8.0963,-31.164
5.0841,-4.8231,0.10879,-26.069,76.021,79.152,-1.1966,-8.0117,-31.168
5.0806,-4.8244,0.1126,-27.068,76.049,78.72,0.052936,-7.7201,-31.133
5.0774,-4.8557,0.1125,-27.205,76.067,78.682,0.044418,-7.5384,-31.156
5.0737,-4.8872,0.11097,-27.352,76.089,78.629,0.0076931,-7.4142,-31.18
5.0688,-4.9097,0.10842,-27.529,76.12,78.541,-0.057174,-7.3282,-31.207
5.0632,-4.9199,0.10485,-27.729,76.157,78.428,-0.14744,-7.2691,-31.236
5.0574,-4.9181,0.10046,-27.94,76.196,78.304,-0.26236,-7.2304,-31.266
5.0521,-4.9071,0.095629,-28.148,76.233,78.184,-0.40393,-7.2094,-31.297
5.0478,-4.8912,0.090841,-28.344,76.266,78.076,-0.57685,-7.2054,-31.328
5.0448,-4.875,0.086542,-28.521,76.293,77.985,-0.78771,-7.218,-31.36
5.0432,-4.8624,0.083058,-28.678,76.316,77.911,-1.0441,-7.247,-31.392
5.0427,-4.8558,0.080549,-28.816,76.335,77.849,-1.3535,-7.2915,-31.425
5.043,-4.8556,0.079,-28.939,76.353,77.794,-1.7229,-7.3507,-31.458
5.0436,-4.8607,0.078246,-29.05,76.37,77.737,-2.1582,-7.4231,-31.492
5.0441,-4.869,0.078034,-29.154,76.389,77.674,-2.6642,-7.5079,-31.526
5.0442,-4.8778,0.078089,-29.25,76.41,77.603,-3.2453,-7.6041,-31.56
5.0439,-4.885,0.078173,-29.337,76.433,77.524,-3.9057,-7.7116,-31.594
5.0432,-4.8888,0.078142,-29.404,76.454,77.45,-4.5564,-7.8159,-31.625
5.0438,-4.8898,0.078032,-29.415,76.46,77.455,-4.5026,-7.7697,-31.633
5.0455,-4.8949,0.077335,-29.468,76.469,77.452,-4.3391,-7.635,-31.642
5.0477,-4.9029,0.076159,-29.561,76.481,77.442,-4.0623,-7.4309,-31.651
5.0498,-4.9115,0.074641,-29.695,76.495,77.422,-3.6687,-7.1723,-31.661
5.0515,-4.9183,0.072861,-29.871,76.511,77.394,-3.1547,-6.8704,-31.67
5.0528,-4.9221,0.070887,-30.087,76.529,77.358,-2.5166,-6.5346,-31.678
5.0538,-4.9224,0.068813,-30.341,76.548,77.317,-1.7513,-6.1723,-31.687
5.0546,-4.9195,0.066763,-30.629,76.566,77.276,-0.85655,-5.7897,-31.696
5.0548,-4.9136,0.06522,-30.979,76.582,77.154,0.033431,-5.3597,-31.695
5.0535,-4.9124,0.064391,-30.948,76.606,77.06,0.035135,-4.8641,-31.7
5.0531,-4.9158,0.063088,-30.857,76.622,77.01,0.036474,-4.376,-31.708
5.053,-4.9188,0.062021,-30.752,76.639,76.957,0.037757,-3.8869,-31.716
5.0528,-4.9205,0.061141,-30.632,76.656,76.901,0.038979,-3.3965,-31.725
5.0527,-4.9208,0.06039,-30.497,76.673,76.843,0.040127,-2.9083,-31.733
5.0526,-4.9197,0.059741,-30.344,76.69,76.785,0.041208,-2.4259,-31.742
5.0527,-4.9178,0.059196,-30.174,76.706,76.728,0.042226,-1.952,-31.751
5.0529,-4.9157,0.05877,-29.985,76.721,76.673,0.043188,-1.4885,-31.76
5.0533,-4.9139,0.05848,-29.779,76.736,76.62,0.044096,-1.0371,-31.769
5.0538,-4.9127,0.058332,-29.555,76.749,76.569,0.044957,-0.59878,-31.778
5.0544,-4.9123,0.058317,-29.315,76.762,76.519,0.045774,-0.1743,-31.787
5.055,-4.9127,0.05841,-29.061,76.775,76.468,0.046553,0.23579,-31.797
5.0557,-4.9136,0.058579,-28.794,76.788,76.416,0.047297,0.63109,-31.806
5.0563,-4.9147,0.058787,-28.515,76.801,76.363,0.04801,1.0113,-31.816
5.0568,-4.9157,0.059,-28.224,76.814,76.308,0.048692,1.3761,-31.825
5.0572,-4.9164,0.059194,-27.921,76.827,76.251,0.049337,1.7246,-31.835
5.0576,-4.9167,0.059355,-27.609,76.84,76.193,0.049937,2.0537,-31.845
5.058,-4.9166,0.059482,-27.287,76.853,76.133,0.050493,2.3606,-31.855
5.0584,-4.9162,0.059584,-26.956,76.865,76.074,0.051006,2.6433,-31.864
5.0588,-4.9157,0.059671,-26.616,76.878,76.014,0.051478,2.9003,-31.874
5.0593,-4.9151,0.059759,-26.27,76.889,75.954,0.05191,3.1308,-31.884
5.0598,-4.9147,0.059857,-25.919,76.901,75.894,0.052304,3.3339,-31.894
5.0604,-4.9145,0.059972,-25.563,76.912,75.834,0.052659,3.5093,-31.903
5.0609,-4.9146,0.060104,-25.204,76.923,75.773,0.052979,3.6567,-31.913
5.0615,-4.9148,0.060251,-24.843,76.934,75.711,0.053262,3.7761,-31.923
5.062,-4.9151,0.060406,-24.483,76.944,75.648,0.053512,3.8675,-31.932
5.0626,-4.9154,0.060563,-24.123,76.955,75.584,0.053728,3.931,-31.942
5.063,-4.9157,0.060715,-23.766,76.965,75.518,0.053916,3.9672,-31.951
5.0635,-4.9159,0.06086,-23.413,76.975,75.452,0.05408,3.9779,-31.961
5.0638,-4.916,0.060997,-23.063,76.985,75.385,0.054221,3.9649,-31.97
5.0642,-4.9159,0.061126,-22.718,76.995,75.317,0.054339,3.9295,-31.98
5.0645,-4.9158,0.061251,-22.378,77.005,75.248,0.054434,3.8729,-31.99
5.0648,-4.9157,0.061374,-22.044,77.014,75.179,0.054507,3.7961,-31.999
5.0651,-4.9156,0.061497,-21.717,77.023,75.11,0.054557,3.6997,-32.009
5.0653,-4.9155,0.061624,-21.398,77.032,75.04,0.054585,3.5846,-32.018
5.0655,-4.9156,0.061753,-21.088,77.041,74.97,0.054581,3.4513,-32.028
5.0657,-4.9156,0.061887,-20.787,77.05,74.898,0.053221,3.3005,-32.038
5.0658,-4.9158,0.062025,-20.495,77.059,74.826,0.046603,3.1332,-32.048
5.0659,-4.916,0.062166,-20.211,77.067,74.753,0.030598,2.9501,-32.058
5.066,-4.9162,0.062306,-19.935,77.075,74.678,0.0022747,2.7529,-32.068
5.066,-4.9164,0.06244,-19.667,77.084,74.603,-0.037903,2.5466,-32.078
5.066,-4.9166,0.062569,-19.406,77.092,74.527,-0.088765,2.3353,-32.088
5.066,-4.9167,0.062689,-19.152,77.1,74.452,-0.14905,2.1224,-32.098
5.0659,-4.9167,0.062802,-18.907,77.108,74.376,-0.21742,1.9103,-32.109
5.0658,-4.9167,0.062908,-18.67,77.115,74.301,-0.29249,1.7008,-32.119
5.0657,-4.9165,0.063008,-18.44,77.123,74.225,-0.37286,1.4955,-32.129
5.0656,-4.9164,0.063105,-18.22,77.13,74.151,-0.45704,1.2953,-32.14
5.0655,-4.9162,0.063199,-18.008,77.137,74.076,-0.54357,1.1011,-32.15
5.0654,-4.9161,0.063294,-17.805,77.144,74.003,-0.6309,0.91354,-32.161
5.0653,-4.916,0.063388,-17.611,77.151,73.929,-0.71747,0.73305,-32.171
5.0652,-4.916,0.063471,-17.449,77.157,73.865,-0.79179,0.58031,-32.181
5.0653,-4.9161,0.063538,-17.449,77.158,73.847,-0.88132,0.48405,-32.183
5.0657,-4.9175,0.063575,-17.424,77.16,73.82,-1.1419,0.23189,-32.186
5.0662,-4.9199,0.063577,-17.373,77.162,73.79,-1.5638,-0.12609,-32.187
5.0668,-4.9223,0.063561,-17.297,77.165,73.755,-2.137,-0.55227,-32.188
5.0673,-4.9241,0.063528,-17.199,77.168,73.719,-2.8511,-1.0188,-32.189
5.0678,-4.9247,0.063474,-17.08,77.171,73.681,-3.6948,-1.5049,-32.189
5.0682,-4.924,0.063402,-16.939,77.175,73.644,-4.6569,-1.9954,-32.189
5.0687,-4.9221,0.063328,-16.779,77.178,73.611,-5.726,-2.4789,-32.188
5.0693,-4.9194,0.063274,-16.601,77.18,73.582,-6.8905,-2.9469,-32.187
5.07,-4.9164,0.063266,-16.407,77.181,73.559,-8.1385,-3.3931,-32.186
5.0709,-4.9137,0.063326,-16.199,77.181,73.541,-9.4584,-3.8124,-32.184
5.0718,-4.9115,0.063466,-15.981,77.18,73.529,-10.838,-4.2012,-32.182
5.0728,-4.9102,0.063686,-15.756,77.179,73.521,-12.266,-4.5561,-32.18
5.0737,-4.9096,0.06397,-15.529,77.177,73.517,-13.726,-4.8722,-32.177
5.0745,-4.9098,0.064293,-15.303,77.175,73.515,-15.207,-5.1456,-32.175
5.0751,-4.9103,0.064624,-15.082,77.172,73.515,-16.694,-5.3737,-32.173
5.0755,-4.9111,0.064931,-14.867,77.17,73.517,-18.175,-5.5547,-32.17
5.0756,-4.9119,0.065187,-14.662,77.169,73.52,-19.64,-5.6881,-32.168
5.0755,-4.9125,0.065374,-14.466,77.167,73.524,-21.079,-5.7735,-32.167
5.075,-4.9129,0.065482,-14.281,77.165,73.53,-22.482,-5.8113,-32.165
5.0744,-4.9132,0.06551,-14.108,77.164,73.537,-23.844,-5.8021,-32.164
5.0735,-4.9134,0.065464,-13.945,77.163,73.545,-25.155,-5.7469,-32.164
5.0725,-4.9136,0.065354,-13.792,77.162,73.555,-26.413,-5.6467,-32.164
5.0714,-4.9139,0.065191,-13.65,77.16,73.567,-27.61,-5.5024,-32.164
5.0701,-4.9143,0.064986,-13.516,77.159,73.579,-28.745,-5.3159,-32.166
5.0688,-4.9149,0.064749,-13.389,77.158,73.593,-29.814,-5.0912,-32.167
5.0674,-4.9156,0.064489,-13.269,77.158,73.607,-30.817,-4.832,-32.17
5.066,-4.9163,0.064211,-13.154,77.157,73.622,-31.754,-4.541,-32.173
5.0645,-4.917,0.063919,-13.041,77.157,73.637,-32.623,-4.2205,-32.176
5.0631,-4.9176,0.063617,-12.93,77.157,73.653,-33.425,-3.8721,-32.18
5.0617,-4.918,0.063309,-12.818,77.157,73.669,-34.157,-3.4971,-32.185
5.0604,-4.9183,0.062999,-12.703,77.157,73.686,-34.821,-3.0964,-32.191
5.0591,-4.9184,0.062693,-12.585,77.157,73.705,-35.414,-2.6707,-32.197
5.0579,-4.9185,0.062396,-12.462,77.158,73.724,-35.935,-2.2203,-32.204
5.0567,-4.9186,0.062113,-12.331,77.158,73.744,-36.384,-1.7454,-32.211
5.0556,-4.9186,0.061846,-12.192,77.158,73.765,-36.759,-1.246,-32.219
5.0545,-4.9187,0.061598,-12.044,77.159,73.786,-37.058,-0.7235,-32.228
5.0536,-4.9189,0.061374,-11.887,77.159,73.808,-37.281,-0.18376,-32.237
5.0528,-4.919,0.061176,-11.721,77.159,73.831,-37.431,0.36806,-32.247
5.0521,-4.9191,0.061004,-11.545,77.16,73.853,-37.506,0.92832,-32.257
5.0516,-4.9192,0.060856,-11.36,77.16,73.876,-37.507,1.4945,-32.267
5.0511,-4.9192,0.060731,-11.166,77.161,73.898,-37.433,2.0649,-32.277
5.0508,-4.9191,0.060627,-10.964,77.161,73.921,-37.282,2.6384,-32.287
5.0506,-4.9189,0.060542,-10.754,77.162,73.944,-37.053,3.2144,-32.298
5.0505,-4.9188,0.060474,-10.537,77.162,73.968,-36.744,3.7926,-32.309
5.0504,-4.9186,0.060424,-10.316,77.162,73.991,-36.351,4.3728,-32.319
5.0505,-4.9184,0.060389,-10.091,77.163,74.015,-35.871,4.9552,-32.33
5.0506,-4.9183,0.060369,-9.8634,77.163,74.039,-35.301,5.5399,-32.341
5.0508,-4.9181,0.060364,-9.6366,77.163,74.063,-34.637,6.1253,-32.352
5.0511,-4.9179,0.060378,-9.4129,77.163,74.087,-33.876,6.7054,-32.362
5.0515,-4.9176,0.060417,-9.1949,77.163,74.111,-33.019,7.2744,-32.371
5.052,-4.9172,0.060483,-8.9853,77.163,74.134,-32.064,7.8283,-32.38
5.0527,-4.9166,0.060578,-8.7866,77.163,74.157,-31.01,8.3636,-32.388
5.0536,-4.9159,0.060705,-8.6013,77.162,74.18,-29.856,8.8779,-32.395
5.0546,-4.9151,0.060868,-8.4321,77.161,74.202,-28.601,9.369,-32.401
5.0557,-4.9142,0.061068,-8.2811,77.16,74.224,-27.244,9.8352,-32.406
5.057,-4.9132,0.061307,-8.1505,77.159,74.246,-25.785,10.275,-32.411
5.0584,-4.9121,0.061588,-8.0424,77.157,74.269,-24.224,10.687,-32.414
5.0599,-4.911,0.06191,-7.9582,77.155,74.291,-22.562,11.071,-32.416
5.0614,-4.91,0.062227,-7.905,77.153,74.311,-21.016,11.383,-32.417
5.0613,-4.9102,0.062223,-7.9001,77.154,74.311,-21.027,11.379,-32.422
5.0611,-4.9111,0.062168,-7.8864,77.155,74.311,-21.059,11.369,-32.429
5.0608,-4.9128,0.062046,-7.8646,77.157,74.311,-21.111,11.352,-32.436
5.0605,-4.9152,0.06185,-7.8359,77.16,74.309,-21.183,11.328,-32.445
5.0602,-4.918,0.061574,-7.8008,77.164,74.305,-21.274,11.298,-32.454
5.0598,-4.9208,0.061209,-7.7598,77.17,74.299,-21.384,11.262,-32.465
5.0595,-4.9233,0.060752,-7.7132,77.177,74.291,-21.512,11.218,-32.476
5.0592,-4.9253,0.060203,-7.6608,77.184,74.282,-21.657,11.167,-32.488
5.0589,-4.9268,0.059573,-7.6026,77.193,74.271,-21.82,11.108,-32.502
5.0587,-4.9279,0.058875,-7.5383,77.203,74.26,-21.998,11.042,-32.516
5.0586,-4.9287,0.058128,-7.4679,77.213,74.248,-22.192,10.969,-32.531
5.0586,-4.9294,0.057349,-7.3916,77.223,74.236,-22.401,10.889,-32.547
5.0587,-4.9302,0.056558,-7.3096,77.234,74.224,-22.624,10.803,-32.564
5.0589,-4.9311,0.055774,-7.2225,77.246,74.211,-22.861,10.711,-32.582
5.0591,-4.9322,0.055015,-7.1307,77.258,74.198,-23.11,10.614,-32.599
5.0594,-4.9332,0.054289,-7.0346,77.27,74.185,-23.369,10.513,-32.617
5.0596,-4.9342,0.053599,-6.9344,77.283,74.172,-23.639,10.409,-32.636
5.0599,-4.9351,0.052944,-6.8306,77.296,74.158,-23.919,10.3,-32.655
5.0602,-4.9358,0.05232,-6.7234,77.31,74.145,-24.206,10.188,-32.674
5.0605,-4.9365,0.051724,-6.613,77.323,74.132,-24.5,10.074,-32.694
5.0609,-4.9372,0.051155,-6.4999,77.337,74.119,-24.801,9.9563,-32.714
5.0612,-4.9378,0.050609,-6.3844,77.351,74.107,-25.106,9.8363,-32.734
5.0615,-4.9384,0.050084,-6.2669,77.366,74.095,-25.415,9.7142,-32.755
5.0619,-4.9391,0.049578,-6.1478,77.381,74.083,-25.727,9.59,-32.777
5.0622,-4.9398,0.049089,-6.0278,77.395,74.072,-26.041,9.4643,-32.798
5.0625,-4.9404,0.048627,-5.9075,77.41,74.061,-26.356,9.3381,-32.819
5.0628,-4.9408,0.048205,-5.7873,77.425,74.05,-26.671,9.212,-32.84
5.063,-4.9408,0.047828,-5.6671,77.439,74.039,-26.984,9.0868,-32.86
5.0633,-4.9405,0.047501,-5.5474,77.453,74.029,-27.295,8.9629,-32.881
5.0635,-4.9399,0.047225,-5.4283,77.467,74.02,-27.602,8.8409,-32.9
5.0637,-4.9391,0.047001,-5.3102,77.48,74.012,-27.905,8.7211,-32.92
5.0639,-4.9384,0.046831,-5.1937,77.493,74.005,-28.201,8.604,-32.939
5.0641,-4.9378,0.046713,-5.0793,77.505,74,-28.49,8.4899,-32.958
5.0644,-4.9374,0.046643,-4.9676,77.517,73.995,-28.77,8.379,-32.977
5.0647,-4.9372,0.046614,-4.8594,77.528,73.991,-29.04,8.2715,-32.996
5.0649,-4.9372,0.046619,-4.7552,77.539,73.987,-29.299,8.1674,-33.014
5.0651,-4.9373,0.046649,-4.656,77.55,73.984,-29.546,8.0669,-33.031
5.0653,-4.9373,0.04671,-4.5625,77.56,73.981,-29.779,7.9706,-33.048
5.0654,-4.9369,0.046809,-4.4747,77.57,73.977,-29.998,7.8789,-33.064
5.0655,-4.936,0.04695,-4.3927,77.579,73.974,-30.202,7.7919,-33.079
5.0655,-4.9347,0.047136,-4.3167,77.588,73.971,-30.391,7.71,-33.093
5.0655,-4.9331,0.047369,-4.247,77.595,73.969,-30.563,7.6335,-33.106
5.0655,-4.9313,0.047652,-4.1838,77.602,73.968,-30.716,7.5626,-33.118
5.0655,-4.9296,0.047989,-4.1275,77.607,73.967,-30.851,7.4976,-33.13
5.0656,-4.928,0.048378,-4.0788,77.611,73.967,-30.966,7.4385,-33.14
5.0657,-4.9267,0.048818,-4.0382,77.615,73.967,-31.059,7.3855,-33.15
5.0657,-4.9257,0.049301,-4.0063,77.618,73.968,-31.13,7.3386,-33.159
5.0658,-4.9249,0.049819,-3.9837,77.62,73.968,-31.178,7.2976,-33.167
5.0659,-4.9242,0.050363,-3.9712,77.622,73.969,-31.201,7.2626,-33.174
5.0659,-4.9234,0.050932,-3.9689,77.622,73.969,-31.2,7.2333,-33.179
5.0658,-4.9224,0.051526,-3.9768,77.622,73.968,-31.174,7.2098,-33.184
5.0658,-4.921,0.052144,-3.9949,77.622,73.967,-31.123,7.192,-33.188
5.0656,-4.9193,0.052785,-4.0231,77.62,73.966,-31.047,7.1797,-33.19
5.0655,-4.9174,0.053451,-4.0613,77.617,73.966,-30.945,7.1732,-33.191
5.0654,-4.9153,0.054145,-4.1097,77.613,73.965,-30.817,7.1724,-33.191
5.0653,-4.9132,0.05487,-4.1682,77.608,73.965,-30.663,7.1773,-33.19
5.0652,-4.9113,0.055625,-4.2371,77.602,73.965,-30.481,7.1881,-33.188
5.0651,-4.9096,0.056412,-4.3165,77.595,73.965,-30.272,7.2048,-33.185
5.0651,-4.908,0.057225,-4.4067,77.587,73.966,-30.036,7.2272,-33.181
5.065,-4.9068,0.057959,-4.4952,77.58,73.967,-29.805,7.2517,-33.176
5.0653,-4.9073,0.057903,-4.4952,77.582,73.972,-29.798,7.2378,-33.177
5.066,-4.9093,0.057669,-4.5081,77.584,73.976,-29.778,7.2065,-33.179
5.0668,-4.9122,0.057315,-4.5341,77.588,73.978,-29.741,7.1668,-33.18
5.0675,-4.9153,0.056893,-4.5732,77.593,73.978,-29.684,7.1252,-33.182
5.0681,-4.9177,0.056428,-4.6251,77.598,73.976,-29.605,7.0864,-33.183
5.0685,-4.9189,0.055937,-4.6892,77.604,73.973,-29.501,7.0537,-33.185
5.0687,-4.9189,0.055434,-4.7649,77.61,73.97,-29.369,7.0299,-33.187
5.0687,-4.9177,0.054941,-4.8516,77.616,73.967,-29.206,7.0172,-33.189
5.0687,-4.9159,0.054481,-4.949,77.621,73.966,-29.008,7.0174,-33.19
5.0687,-4.9139,0.05408,-5.0574,77.625,73.966,-28.774,7.032,-33.193
5.0687,-4.9122,0.053756,-5.1771,77.629,73.968,-28.497,7.0624,-33.195
5.0687,-4.9111,0.053521,-5.3087,77.632,73.972,-28.177,7.1093,-33.197
5.0688,-4.9107,0.053377,-5.4533,77.635,73.976,-27.808,7.1722,-33.199
5.0688,-4.9109,0.053324,-5.6112,77.637,73.98,-27.395,7.2465,-33.201
5.0688,-4.9114,0.053358,-5.7817,77.64,73.984,-26.937,7.3277,-33.203
5.0687,-4.9118,0.053463,-5.9644,77.642,73.987,-26.439,7.4124,-33.204
5.0686,-4.9119,0.053621,-6.1583,77.643,73.989,-25.903,7.4981,-33.206
5.0684,-4.9115,0.053819,-6.3625,77.645,73.99,-25.331,7.583,-33.206
5.0681,-4.9107,0.054048,-6.576,77.646,73.992,-24.726,7.6658,-33.207
5.0679,-4.9095,0.054304,-6.7976,77.647,73.993,-24.09,7.7458,-33.207
5.0677,-4.9081,0.054587,-7.0265,77.647,73.996,-23.426,7.8226,-33.207
5.0675,-4.9067,0.054899,-7.2617,77.646,73.998,-22.736,7.8958,-33.207
5.0674,-4.9055,0.055242,-7.5026,77.645,74.002,-22.023,7.9655,-33.207
5.0673,-4.9045,0.055615,-7.7483,77.643,74.006,-21.289,8.0316,-33.206
5.0673,-4.9038,0.056016,-7.9984,77.641,74.011,-20.537,8.0935,-33.205
5.0672,-4.9034,0.056438,-8.2517,77.639,74.015,-19.773,8.1488,-33.204
5.0671,-4.9031,0.056874,-8.5073,77.636,74.02,-19,8.1953,-33.202
5.0671,-4.9029,0.057314,-8.7637,77.633,74.024,-18.226,8.2314,-33.2
5.0669,-4.9026,0.057751,-9.0197,77.63,74.028,-17.455,8.2558,-33.198
5.0668,-4.9023,0.058177,-9.2737,77.626,74.032,-16.693,8.268,-33.196
5.0666,-4.9019,0.058587,-9.5242,77.622,74.035,-15.946,8.2672,-33.193
5.0663,-4.9014,0.058981,-9.7695,77.618,74.039,-15.219,8.2534,-33.191
5.066,-4.9009,0.059357,-10.008,77.614,74.043,-14.517,8.2261,-33.188
5.0657,-4.9003,0.059718,-10.239,77.61,74.047,-13.847,8.1856,-33.185
5.0654,-4.8998,0.060064,-10.459,77.605,74.051,-13.215,8.1316,-33.182
5.065,-4.8994,0.060399,-10.669,77.6,74.055,-12.625,8.0644,-33.179
5.0646,-4.8991,0.06072,-10.866,77.595,74.06,-12.081,7.9855,-33.176
5.0641,-4.899,0.061017,-11.05,77.59,74.066,-11.583,7.9018,-33.173
5.0637,-4.8991,0.061283,-11.222,77.585,74.072,-11.125,7.8193,-33.171
5.0632,-4.8993,0.061512,-11.383,77.58,74.08,-10.705,7.7425,-33.168
5.0626,-4.8996,0.061702,-11.532,77.575,74.087,-10.319,7.6745,-33.166
5.0621,-4.8998,0.061852,-11.672,77.57,74.096,-9.9638,7.6178,-33.164
5.0616,-4.9001,0.061964,-11.802,77.565,74.105,-9.6346,7.5742,-33.162
5.061,-4.9002,0.062039,-11.922,77.561,74.114,-9.3279,7.5449,-33.16
5.0605,-4.9001,0.062084,-12.035,77.556,74.125,-9.0396,7.531,-33.158
5.0599,-4.9,0.062104,-12.138,77.551,74.137,-8.7658,7.5332,-33.157
5.0594,-4.8997,0.062105,-12.235,77.547,74.15,-8.5025,7.5521,-33.155
5.059,-4.8994,0.062094,-12.324,77.542,74.164,-8.2454,7.5881,-33.154
5.0585,-4.8991,0.062079,-12.408,77.537,74.179,-7.9911,7.6407,-33.153
5.0582,-4.899,0.062059,-12.485,77.533,74.195,-7.7381,7.7059,-33.152
5.0579,-4.899,0.06203,-12.559,77.529,74.212,-7.4852,7.7806,-33.152
5.0578,-4.8993,0.061991,-12.628,77.524,74.228,-7.2311,7.8623,-33.151
5.0577,-4.8998,0.061936,-12.695,77.521,74.244,-6.9747,7.949,-33.151
5.0577,-4.9005,0.061864,-12.759,77.517,74.26,-6.7147,8.0394,-33.151
5.0578,-4.9013,0.061771,-12.822,77.514,74.275,-6.45,8.1323,-33.151
5.0579,-4.902,0.061654,-12.883,77.512,74.288,-6.1793,8.227,-33.151
5.0581,-4.9025,0.061513,-12.944,77.51,74.301,-5.9014,8.3227,-33.151
5.0582,-4.903,0.061348,-13.004,77.508,74.313,-5.6152,8.4189,-33.151
5.0584,-4.9033,0.061163,-13.064,77.506,74.325,-5.3196,8.5152,-33.152
