-8.0491,-4.4305,0.4688,14.927,85.786,-11.078,-124.33
3.1095,-6.5764,2.0604,-86.278,3.231,-24.533,-13.206
3.5941,3.1019,-3.3738,-76.698,29.804,85.163,-45.024
8.5853,-3.0002,-3.034,-62.029,43.925,26.781,-46.057
-0.61265,-9.7617,-1.6292,-72.471,65.316,7.3538,-68.416
-7.8663,9.2374,-4.9538,-4.9896,68.091,74.06,-10.784
0.26527,-1.9646,-4.2407,-63.561,-15.2,-8.308,-30.648
8.841,9.1228,0.7522,-83.397,-1.8266,12.462,-106.76
-8.377,8.5871,2.7573,-37.098,22.303,23.651,-39.129
-0.58338,-5.3915,3.4434,-68.947,-2.8906,-9.5823,-29.079
-7.6518,-4.0665,-1.8121,-43.198,30.943,-19.725,-34.099
-2.6509,9.7593,-4.6229,6.7056,79.594,65.532,-13.757
0.00045331,-0.40186,4.0473,-22.912,44.12,73.124,-104.54
-8.0653,6.3632,3.1755,-10.567,-12.014,49.145,-67.714
3.1373,2.5593,-2.0804,-43.032,-28.149,87.897,-21.945
4.0217,3.3264,0.39142,-12.693,49.984,-8.7401,-16.542
-7.5877,1.7904,-2.7382,-47.821,39.959,0.23682,-38.527
-6.771,-6.4241,-0.77108,-79.816,41.822,26.994,-91.061
-1.5309,-8.1835,-2.3354,-73.096,3.7209,22.806,-68.507
-3.1108,5.6104,1.7533,-89.274,42.258,16.534,-118.4
-4.6187,5.3116,-3.1148,-58.186,-19.064,39.223,-89.557
-2.9956,3.2402,-0.83841,2.7532,69.945,0.92875,-79.666
-5.6264,-7.8839,-3.903,-82.974,18.549,23.822,-47.663
0.40113,-3.0459,-3.5,-26.221,1.4587,-24.805,-98.618
7.756,-2.1761,2.6914,-46.245,67.019,60.639,-48.219
-1.861,4.9741,3.2558,-3.2426,8.2234,34.05,-11.674
-9.9894,7.3084,1.126,18.874,33.322,27.423,-102.36
1.6291,8.5663,0.80086,-87.082,-15.492,73.421,-62.777
-4.3631,0.77175,1.9516,-34.99,34.296,23.404,-15.994
-8.9583,8.6239,2.2866,-8.3794,-22.389,73.295,-120.84
1.1807,7.0819,-1.5212,-40.843,-23.491,-8.7385,-85.997
-6.4867,-5.8206,4.052,-16.083,26.217,79.415,-14.249
-3.8526,-0.8787,-3.9833,19.268,9.851,5.6853,-8.7602
-9.0306,3.3592,1.035,-32.096,57.564,54.943,-100.2
-8.5423,-8.2298,2.9834,13.461,52.046,-14.054,-94.043
1.9588,5.7873,-1.3235,-67.733,-19.595,62.63,-27.171
-4.1687,2.0707,4.6441,-43.143,53.371,60.969,-55.677
-3.6843,5.4539,1.9645,-76.454,-14.385,-18.937,-1.057
7.8585,4.0643,0.55731,-69.673,-4.5562,-20.614,-118.42
-2.373,-6.7771,2.5813,5.8816,12.091,52.508,-37.774
3.0739,9.1396,4.3579,-40.009,-1.1552,61.661,-97.166
0.81793,3.5949,-4.6345,-0.87232,59.834,-15.5,-67.232
-8.716,5.348,1.7127,-11.959,47.047,19.994,-51.103
-2.255,-7.1562,-4.7487,-43.764,-7.9066,57.127,-48.269
-2.3224,2.5467,-4.7838,10.259,66.071,59.578,-105.73
8.7881,-9.6365,1.8382,-3.8171,34.097,76.211,-116.57
3.2475,-5.1167,-2.045,-15.242,33.346,18.878,-78.041
5.6573,3.8754,-4.9019,2.7707,80.679,62.517,-5.7406
-0.20468,-6.1351,3.9588,-79.175,-24.699,36.803,-100.86
8.5474,8.3496,2.1355,-21.52,11.201,82.442,-16.426
3.8952,9.4551,-1.7224,2.4698,58.69,84.476,-4.0825
-7.245,6.7348,-3.614,-24.529,13.945,66.696,-65.568
9.4961,3.027,-2.6876,-45.964,-15.357,2.1479,-34.247
-3.9267,-9.0764,-3.0454,-10.681,56.611,75.353,-75.941
-7.2258,-0.48791,-1.375,-3.0226,63.618,50.321,-18.318
0.42447,-2.554,4.3712,1.1137,71.889,14.727,-75.828
-0.90519,-5.0656,2.8444,7.04,79.638,37.021,-77.537
6.5316,-2.1995,-0.02094,-13.725,70.123,43.163,-74.378
-2.0836,-2.0378,0.15339,-17.612,84.111,56.682,-51.811
-3.3864,-1.3996,-0.081692,-82.053,76.528,-22.307,-57.544
-1.4418,9.3209,1.2005,-13.494,56.42,11.609,-67.257
4.1115,-7.8132,-1.1007,-25.095,25.126,-23.934,-29.5
0.4028,7.2775,-4.023,9.9009,-17.039,32.01,-18.487
8.7711,1.8098,-0.59359,13.656,48.705,24.288,-108.68
-7.1948,-4.7974,-4.1319,-42.759,0.87387,5.6946,-54.801
8.7879,-5.5772,-0.17372,-48.648,32.851,0.8106,-8.7293
7.8184,7.1275,-0.97626,-54.79,43.04,79.533,-118.36
-4.5037,-5.1699,-2.5684,-73.198,84.77,82.282,-106.44
0.087133,-3.0547,-4.0788,-73.948,-6.2137,51.388,-57.34
4.5385,-2.523,0.81608,-75.96,-23.08,87.084,-36.38
1.4652,5.7948,-2.6464,-40.876,38.323,-22.64,-63.39
8.2215,3.9928,2.2519,-63.924,39.125,67.182,-52.41
-4.6023,0.49259,4.7265,-11.811,7.4236,5.0735,-110.01
-5.8479,-3.6379,-3.6619,-16.283,38.52,-9.6752,-19.165
-8.4807,1.7404,-0.86104,-56.498,1.6601,61.284,-129.14
-9.2163,8.9265,2.6367,-28.454,-7.939,29.787,-67.04
8.0269,0.80849,-0.67976,-30.906,55.485,-27.36,-102.3
6.8898,2.3063,-1.2338,6.392,64.182,25.803,-105.47
-9.8132,8.3006,1.4274,-89.761,-26.354,-5.0332,-58.914
0.73579,5.2421,-1.5244,-39.179,46.72,80.074,-21.181
7.6815,0.96295,-1.3097,-66.972,22.914,84.751,-16.133
6.3799,2.4994,2.3861,-1.6327,-21.931,84.126,-63.555
4.923,-6.9033,-3.5609,-23.517,0.53795,8.9217,-52.395
-3.494,6.6367,3.1029,-28.851,1.5559,51.663,-30.392
-5.6136,-3.4841,-4.041,-8.7183,59.823,35.205,-45.111
4.897,7.8451,-2.5741,-75.689,-2.9921,12.151,-36.957
8.8068,-9.8832,1.103,-2.3476,-2.0421,81.863,-99.658
-2.0186,1.9887,3.0047,-78.644,68.581,71.084,-45.281
0.43207,-8.1963,4.0468,7.4597,22.682,63.753,-19.579
2.874,7.2022,-0.98101,-20.429,88.228,37.138,-121
9.2391,4.9222,1.6251,-32.001,1.1878,85.669,-70.169
5.1183,2.0659,2.8326,-77.313,87.428,71.832,-6.9367
4.0169,7.4447,-4.4781,-66.088,25.157,84.993,-102.14
4.5326,-8.1101,3.7759,-88.377,5.3152,-8.367,-120.54
2.5889,5.9229,1.9116,-51.98,83.618,32.425,-123.77
-4.2798,3.9826,2.9625,-41.324,23.546,25.936,-35.764
3.0977,7.8027,0.38527,-58.974,87.115,-25.628,-42.23
-3.2006,6.9341,-2.539,-26.162,82.521,-24.268,-6.9383
4.6748,3.0106,0.16269,-53.897,49.413,-15.879,-19.771
-4.8908,0.66326,4.5481,-60.745,0.014242,80.816,-8.7585
3.0504,8.346,0.098361,16.937,-6.3264,-16.732,-39.429
-7.3805,6.6746,3.0047,10.926,-13.524,30.587,-52.847
4.7896,0.49466,3.0452,-0.1177,-7.263,-15.248,-106.37
-7.4096,7.5978,-4.5592,-14.45,58.053,22.458,-49.503
5.0642,4.0008,-2.8551,-15.873,36.876,72.035,-71.608
-5.6201,0.44467,-0.66573,-8.8037,-21.546,71.656,-88.676
5.1639,7.7406,-4.312,-69.924,58.448,53.601,-101.07
-8.2507,-4.7854,-4.7719,-43.67,10.925,35.046,-120.15
1.7514,7.5525,-0.30922,-41.794,59.543,26.149,-111.72
7.9282,-0.35507,-4.8591,-21.419,-2.2686,33.308,-94.52
-8.0925,-2.9501,0.93342,-25.447,50.124,47.847,-57.603
5.7925,5.9835,-4.5044,-58.537,48.412,28.728,-126.53
6.6275,-9.3027,2.5788,15.198,11.143,46.806,-44.155
3.3258,-1.1387,-0.66786,-71.06,-6.8082,44.091,-35.007
-5.7343,-2.341,-4.7028,-38.231,9.9986,86.946,-72.109
-9.7035,-6.866,-0.28456,-29.849,-22.837,48.984,-115.86
7.9956,-5.6418,-4.2299,-37.895,70.204,26.287,-53.312
-4.4245,-2.4127,3.6467,-43.921,-1.2155,41.807,-61.459
-8.3007,-8.6334,-0.90242,-76.658,23.165,77.92,-45.54
-0.64938,-7.1733,-4.3186,-11.336,6.9594,50.494,-85.342
0.20083,-0.087194,1.5137,-8.2436,6.2344,-19.178,-107.65
4.4146,-9.7271,-1.2594,10.934,35.581,26.76,-64.455
1.7564,-7.1446,-4.4778,-14.69,43.026,-3.629,-53.46
6.6854,6.2719,1.2895,-88.838,15.568,78.649,-88.545
4.7764,-7.1669,-0.62116,-51.676,27.42,40.379,-18.623
-6.4235,0.35001,1.27,10.509,49.675,16.712,-96.792
-9.0026,3.7055,1.2028,-8.066,87.271,16.07,-33.246
3.5713,8.9199,-4.0845,9.9958,31.196,43.608,-40.373
9.721,4.3637,-0.86816,-79.182,58.147,46.471,-9.5546
-2.6338,3.1122,4.382,-21.735,3.9407,-5.3627,-57.056
-9.24,9.0853,2.4238,13.221,31.602,-1.1132,-35.153
-3.8382,-1.9528,3.8429,-13.639,-0.96957,61.534,-37.159
7.2331,-9.3474,-1.6804,-7.1783,47.322,-9.7747,-123.33
-4.2385,-4.9932,-0.11621,-9.8317,-5.686,-4.018,-126.83
-2.9085,-5.1619,0.60332,-22.548,6.0966,65.713,-103.84
0.22171,-9.4448,4.9039,-35.171,9.8402,-8.9882,-80.07
1.01,9.1973,0.96025,-0.95426,88.121,76.332,-27.712
0.2019,5.8376,-0.47826,3.3832,16.852,58.629,-126.82
7.2788,-6.0287,1.7245,9.2415,-6.1012,5.7645,-64.663
-8.9284,-2.4986,2.7504,-72.011,79.466,8.3089,-42.57
-5.6179,6.8478,1.6293,0.096637,65.266,26.254,-39.535
2.2739,5.6601,0.66661,-1.6015,39.216,83.492,-111.46
-8.4745,4.1734,-2.6508,-45.787,2.1756,69.895,-128.71
-0.2614,-4.7556,0.79592,6.5991,-22.686,22.89,-11.034
4.1181,4.018,-4.9377,-49.236,78.179,8.2115,-76.265
-7.8975,4.9018,2.2937,-11.17,-13.988,23.492,-66.249
-7.9506,9.1831,-3.4711,-72.32,-11.336,-19.021,-58.043
-7.5241,-4.3108,2.3573,-45.084,69.477,82.22,-51.28
3.686,3.1369,4.9039,-86.354,20.909,29.075,-75.791
-1.7352,-5.6439,3.5855,4.6354,4.0735,43.901,-101.52
-0.40201,-4.6312,-2.4189,-37.023,-2.7191,-24.118,-21.734
-6.0427,0.13661,4.5077,-46.676,40.136,42.787,-93.117
-1.5651,-1.774,4.5915,-7.3127,87.721,-1.9848,-12.766
-8.3075,1.6438,-3.4692,-81.86,39.668,4.3932,-47.359
0.35726,-5.0868,-2.0251,-18.469,76.968,73.332,-27.652
5.1417,7.7264,-0.27769,-72.572,67.31,27.181,-14.965
-3.2182,-6.5865,-1.0078,11.136,-2.8745,13.337,-41.456
-7.5729,0.87395,-1.854,-48.059,64.986,70.694,-87.828
6.925,-2.5972,-1.1682,3.8285,25.668,38.594,-91.082
9.2333,1.412,0.6287,-70.576,31.642,35.789,-21.282
6.8434,0.33303,-3.4813,-48.228,68.521,-9.5714,-42.822
-1.012,-5.1273,3.6871,-32.6,79.697,86.878,-74.781
1.0701,2.6124,4.8548,-19.527,42.059,79.242,-75.159
-6.7793,-1.3526,0.050563,-49.097,27.642,11.396,-101.54
-4.0379,5.3667,0.011485,10.059,-23.059,22.332,-74.583
2.5392,-6.3879,0.73317,-72.005,78.726,-20.719,-44.058
9.1501,-9.4861,4.7108,-56.913,33.01,73.568,-116.58
4.9237,-7.65,0.090701,-71.39,69.732,81.363,-22.189
-8.3933,-2.7914,3.289,-65.382,64.927,48.599,-3.3386
-0.19095,-1.2411,2.7265,-8.1243,23.148,-23.573,-11.344
-9.2146,8.6645,4.716,-50.378,47.305,-21.832,-27.122
9.9427,-5.447,4.1954,-19.425,-17.362,2.1725,-99.162
5.8431,-7.0912,-0.10853,-88.608,-7.608,28.289,-109.24
2.6672,8.6139,4.7773,-79.649,49.416,41.954,-60.52
-0.9351,4.7475,0.098243,-47.586,78.658,85.83,-82.235
-7.5954,1.4421,4.4942,-61.851,88.782,11.976,-27.379
-8.2229,-3.1664,0.48665,-39.327,47.455,31.617,-105.93
-2.4981,6.5777,3.4178,-16.835,85.21,83.174,-14.395
-3.1973,8.3781,-0.43803,-41.719,24.499,83.321,-27.987
-8.0328,2.9958,2.6407,18.485,-14.961,13.859,-88.114
8.5023,0.10576,1.2758,-11.542,-27.13,38.875,-5.9631
7.7278,3.4917,3.3516,-17.924,88.062,87.574,-31.952
-0.65502,9.4141,3.4124,-81.281,-1.4876,68.123,-52.509
4.2098,9.4048,4.9844,18.644,-11.981,85.36,-69.356
-9.0365,-5.6161,-2.6079,-86.826,54.277,-28.951,-80.113
7.464,-8.9092,0.0039986,-42.304,78.514,45.624,-127.62
-3.5897,2.0314,4.1315,-15.004,83.608,-18.107,-66.427
-9.7713,2.8491,0.16994,-62.73,-6.7512,-19.027,-47.613
-3.4292,-4.6362,0.50236,-70.119,51.419,-23.356,-4.4421
-5.7993,-7.3832,0.20499,9.7825,18.309,-4.6345,-10.056
3.6165,8.4639,-3.4717,-45.186,7.498,53.304,-115.79
1.395,-2.8089,-4.7317,-34.951,69.242,1.0633,-6.2272
-7.457,3.0934,3.6397,-59.839,70.819,-21.591,-48.97
5.8197,-8.7853,-1.1015,-57.003,58.097,-17.17,-102.11
-4.217,-0.042612,3.1844,-24.947,34.371,9.8244,-52.604
5.1317,6.8657,2.7016,17.482,-16.639,17.602,-63.79
-4.9276,6.8635,-2.0605,-86.976,-18.803,65.68,-92.428
3.4224,-8.9528,2.343,-34.304,83.199,4.7554,-50.003
7.9997,1.0092,-0.72647,-73.104,-0.2939,23.664,-69.245
-2.8338,-4.7998,2.8689,-33.925,37.502,52.16,-12.926
-7.3124,-9.61,-3.7486,-65.377,23.894,34.191,-128.6
-3.7217,4.3657,4.4466,-80.146,3.5462,41.583,-107.73
-2.8782,2.9314,2.3309,-9.7116,84.982,-24.484,-55.291
-0.35102,-1.3755,1.988,-16.302,-29.173,-20.556,-60.684
6.9072,7.9605,4.3122,-39.773,61.1,82.654,-105.26
-1.8509,-8.3211,0.91961,6.8506,36.397,5.9394,-116.77
5.7808,4.857,-3.9542,-33.179,71.585,71.144,-49.963
9.8637,-0.38494,3.2774,-23.951,68.141,84.662,-85.101
9.1613,-5.8694,-3.403,-26.925,41.146,53.944,-39.744
-2.8144,-4.0849,1.2915,-74.8,14.878,73.718,-32.55
3.3607,-6.9485,-4.373,-53.3,23.514,60.86,-17.615
5.3963,3.6027,-2.948,1.3122,73.856,-24.974,-79.604
-1.9025,-0.3528,-4.3611,-1.36,12.129,71.939,-128.72
8.0284,-8.5869,4.5838,-12.494,-28.558,-29.441,-111.01
-7.6483,7.7721,1.9312,12.737,20.062,67.995,-104.62
-4.6627,-8.6289,-1.864,-3.3361,29.801,22.436,-22.077
1.9992,-1.0196,-3.4676,-66.318,54.045,85.161,-81.268
-3.3243,-4.648,2.6798,-63.543,85.348,80.838,-35.038
-9.0129,-5.9805,-0.0088106,-59.213,20.353,41.617,-7.2792
6.5578,-9.1076,2.9083,-84.309,5.5704,2.7165,-118.66
-4.2517,8.3989,-4.9394,-27.993,14.243,14.503,-2.728
2.5906,-7.3694,-4.3786,-4.7229,59.058,45.114,-95.02
-1.0823,5.9635,0.28933,-16.502,28,9.9176,-34.46
-9.9615,1.1116,-0.66738,-83.315,23.036,70.8,-80.507
0.85558,2.2029,-0.63773,-81.03,4.0751,-21.246,-94.85
2.5895,1.2527,0.41146,-45.584,20.455,-13.502,-37.916
6.6608,-5.3284,-4.3076,-35.532,-15.342,18.334,-12.015
8.1038,-4.7095,4.4983,-8.7131,-29.464,72.189,-90.206
2.2448,4.9273,3.0142,-53.116,37.692,72.584,-76.388
-7.9829,-0.0218,-2.6097,-51.451,36.992,35.768,-55.136
1.0318,-9.1242,0.82148,-59.913,35.067,23.181,-15.96
6.3379,-3.1293,-0.014723,-77.243,39.063,31.864,-46.315
-1.4664,5.1627,4.1575,-21.058,84.709,60.613,-67.2
-5.5399,1.1091,-0.44775,-22.774,35.279,32.223,-37.351
1.4529,1.4499,2.4175,-81.549,64.457,-6.3717,-69.569
-7.6525,-6.7676,-0.80233,-16.658,86.778,3.557,-69.702
-7.2772,3.3177,3.3044,-15.982,-13.264,15.389,-88.469
8.8645,-6.6598,4.25,-7.025,72.792,42.29,-14.041
-3.5973,-2.1332,-3.1875,-67.028,41.247,41.337,-22.186
-4.2451,0.76216,-4.8867,-58.87,40.748,-9.321,-22.829
1.9041,-3.2715,4.5958,-41.68,85.438,51.171,-90.187
-2.3168,-9.81,-1.9097,2.2662,3.7623,63.756,-68.752
-8.5653,-0.026174,4.8602,9.6643,39.027,62.028,-97.039
0.88776,0.5796,3.732,-69.663,81.775,87.161,-42.37
-1.6307,-9.314,4.2685,-85.237,27.128,16.08,-68.653
-3.9835,-3.2398,2.3432,17.931,53.852,-19.206,-61.654
-4.1868,-4.1574,-2.0321,-87.273,80.141,52.322,-30.447
-0.57592,-9.0784,-0.57733,-71.904,38.651,68.222,-11.027
5.292,-5.0608,1.9388,-57.649,38.486,46.063,-52.424
-7.8164,-7.7376,-3.921,-40.985,82.661,46.057,-120.83
6.42,-6.4097,-4.6507,-4.7409,34.855,9.7882,-74.212
-6.4242,9.928,4.5915,-73.14,81.477,21.126,-30.024
6.4777,2.5452,-2.9406,17.324,22.533,70.225,-70.442
-9.9419,-7.46,4.1693,-16.039,-16.344,85.167,-15.736
-0.16332,-0.76898,3.7705,-17.343,3.3567,48.823,-83.365
1.1014,2.3789,-0.9024,-61.831,20.011,15.327,-12.303
-8.5596,-2.6829,-2.1268,-9.1843,-21.963,60.905,-31.922
-5.6655,3.5465,2.3605,-88.626,12.708,-0.94064,-118.9
7.5328,-8.2502,1.679,-35.003,10.269,40.732,-46.513
-7.1035,-8.8436,-3.6506,-88.376,-7.3066,-21.417,-5.9386
-9.5084,-5.2601,0.98263,11.78,10.13,23.129,-13
-4.8727,-9.5703,-2.067,-63.572,-5.6892,11.912,-68.793
-9.4757,9.1086,0.2521,-6.8472,40.775,58.718,-41.434
-7.8501,-3.3149,-4.6204,11.281,14.777,88.694,-71.006
-6.7074,0.14067,0.082511,-84.436,14.038,40.219,-129.33
8.4248,5.6331,-2.5808,-25.88,-5.7779,-14.717,-89.55
-1.1908,3.406,-2.8959,-37.603,-24.011,29.274,-34.557
1.3891,-9.578,0.12286,-45.263,-3.6195,-2.4914,-56.9
4.2729,3.9548,3.9345,-12.762,82.475,-28.691,-106.64
7.1243,-4.7127,2.7556,-19.944,57.007,77.351,-100.02
9.6411,9.3796,0.76674,-64.623,5.0487,50.924,-74.505
-6.1927,-2.0644,-1.6107,10.676,70.61,45.488,-110.55
0.088463,7.5299,4.0821,-57.865,-14.078,-29.699,-40.854
-7.4435,2.7985,3.9649,-42.977,-8.8979,5.1394,-7.5016
2.3341,-5.9382,1.7761,-87.519,-2.8084,79.717,-99.991
-7.5652,9.6812,0.93137,-60.771,21.839,81.718,-64.969
-9.6598,7.2279,4.3782,-38.248,38.371,89.458,-51.858
-5.8337,4.2672,-2.4728,-60.344,27.809,-3.3729,-46.576
-1.2586,-5.6253,4.1833,-13.7,-16.089,13.16,-39.233
8.3105,0.44022,-4.4801,-41.643,52.942,1.3692,-116.63
0.95205,2.8849,-2.6411,-21.045,-20.53,47.614,-22.616
-7.1627,-1.8719,0.93111,-1.2002,26.47,50.901,-98.055
-7.8934,9.1718,-0.76319,-28.241,-18.146,27.898,-19.821
2.0271,5.956,1.1044,-48.386,-9.0426,-22.784,-19.964
5.632,5.097,-1.738,-32.93,47.469,31.216,-84.569
0.30621,6.7797,-0.86855,-45.74,84.322,10.225,-17.468
8.6941,2.2973,1.6833,-44.415,54.343,26.683,-52.98
-0.102,-9.3389,-1.2732,-51.031,2.9616,2.3516,-95.778
7.4886,-3.381,0.18501,-40.213,-8.4589,71.696,-6.0604
3.5306,0.90416,3.9881,-79.133,-19.085,-26.148,-41.406
9.6658,-7.1367,3.2769,6.8585,-21.547,27.343,-96.004
-7.4164,1.8635,2.2179,-85.995,-8.8596,-2.0922,-93.183
9.8747,-1.4888,-0.66921,-52.687,24.555,62.073,-98.797
2.9059,-3.8779,-2.0923,-42.66,36.033,-15.382,-16.86
8.1331,3.1125,4.4795,-30.159,6.6384,-19.394,-54.978
-0.14411,-5.9875,-2.1241,-57.862,21.58,27.405,-121.23
-8.0335,2.5624,-0.9958,12.224,75.671,44.163,-116.39
-5.3441,5.0988,-4.4362,-12.05,-7.9055,89.564,-67.173
2.1521,5.5307,-4.3652,-24.967,77.971,31.167,-69.367
-7.2063,9.4698,-0.75504,-81.611,-17.048,87.367,-75.084
-7.6538,-6.3864,-3.0606,-49.937,18.524,-2.5268,-85.458
-0.30083,3.1131,-4.6174,-69.012,81.447,39.977,-2.5549
9.3894,-2.4875,-2.614,-63.681,-27.73,87.932,-103.65
-7.0388,9.1834,2.1451,-56.471,69.371,66.964,-117.49
-2.1703,-2.9004,-2.5522,-77.984,-16.525,1.9006,-34.052
5.5932,-2.8288,-3.1587,-88.899,-19.689,9.5006,-39.062
-6.0401,-7.9102,3.8848,-50.768,24.447,-21.78,-110.94
-9.4124,5.6834,4.8081,-13.981,63.563,41.772,-37.39
-7.5011,-5.8278,-3.4503,-1.229,-21.916,28.871,-77.993
-4.2502,7.3476,3.6017,-30.412,24.871,72.053,-46.122
-1.5518,4.9687,-1.4692,-40.971,-25.922,57.012,-80.58
9.8536,8.925,-0.21627,-76.188,-22.302,16.389,-72.201
6.8662,-7.722,4.3618,-14.932,6.8547,73.352,-122.84
-6.7814,-9.552,-3.9411,12.651,43.865,45.216,-0.85257
8.5977,-0.18902,2.9631,-69.963,-2.669,71.882,-65.124
1.8389,-2.8426,0.48045,-4.0319,37.065,6.1623,-58.834
-8.3533,-2.4598,-0.95025,-14.649,18.601,36.56,-79.608
-6.2677,8.508,0.49674,-86.417,75.19,84.209,-61.681
-3.8976,4.6135,1.4508,2.434,32.472,15.88,-79.696
1.0988,3.0461,4.7316,9.5952,-27.012,38.853,-93.163
-5.9709,-7.3615,3.2221,-8.9742,77.219,-10.8,-55.345
0.067172,-9.8824,-4.8491,-79.631,64.434,36.954,-94.169
-5.0789,-5.3194,0.48435,-46.797,60.575,17.11,-34.501
-5.2999,-8.6576,-2.158,-42.425,24.615,87.501,-120.51
-9.7322,8.3752,-1.3243,-43.616,39.085,-7.6863,-2.932
8.2222,-1.4395,4.4507,-44.45,-0.89655,74.86,-63.203
-2.9433,-2.86,-3.7027,18.01,19.891,18.744,-101.58
-6.2861,-0.54389,-4.9038,4.6723,26.822,-12.258,-31.351
-2.7994,2.5311,3.5293,-76.917,-9.0793,85.095,-125.07
0.57806,8.7085,4.896,-38.803,13.655,-19.172,-109.23
7.3937,6.3087,-2.6755,-52.245,85.273,6.1753,-19.695
-3.1379,-7.7554,0.93454,-21.028,63.764,58.348,-103.03
3.193,-6.1194,1.2648,-21.743,22.917,49.127,-57.791
-8.4017,-2.2816,-4.8356,-24.942,38.188,-28.562,-76.712
0.93181,-5.5074,-3.7708,-37.558,74.891,47.239,-59.483
-8.1451,-5.8839,1.152,-59.714,59.734,6.6869,-99.483
3.4451,-8.5922,-3.7552,-43.303,63.922,40.652,-61.246
4.4607,1.224,4.7291,-57.473,29.646,4.0692,-10.248
-9.13,8.669,-0.9834,-3.5389,-0.88509,42.998,-115.78
8.7366,7.1388,3.9085,-25.306,-10.49,-8.8558,-97.221
-1.1969,2.6127,-1.8598,11.536,-3.2033,15.509,-41.432
-7.1266,-8.7185,3.5463,16.226,81.482,19.163,-115.26
5.0878,7.7847,2.1043,-61.88,24.172,82.196,-79.142
7.0895,-6.8509,-2.4056,-17.524,-2.8804,69.917,-43.178
-5.9805,8.0565,3.9184,-48.475,0.021015,42.259,-81.591
4.6429,-6.8471,2.6006,-79.871,86.119,43.076,-116.36
-3.7414,5.0403,-1.3226,-23.128,16.011,36.107,-49.256
7.3869,3.0375,1.1045,-43.479,30.445,-10.256,-11.951
-9.1473,7.0755,0.96691,-87.848,81.983,-28.82,-83.398
6.661,4.5613,2.759,-6.0885,-23.147,43.185,-116.75
-4.8685,-7.5732,-4.594,7.6918,60.383,66.255,-57.573
8.8348,1.3366,1.9312,17.616,77.895,47.781,-127.76
2.1467,9.9336,-4.5772,-74.996,-3.2349,40.09,-86.088
0.32648,4.1419,2.9882,-68.051,-17.179,44.23,-3.3573
-0.33776,-1.5671,-1.8264,16.455,0.98702,37.997,-44.969
1.3354,-4.782,-4.976,-58.949,68.551,77.55,-127.19
7.2068,-8.8775,-2.7643,-85.104,60.119,53.871,-119.63
8.142,4.0389,3.9564,14.307,82.4,89.618,-51.309
6.0914,-2.9909,-2.2979,-7.8222,56.758,72.864,-118.62
7.2653,-5.1,-0.66464,-75.368,-4.0994,62.94,-12.218
4.5506,-7.7008,-0.14611,5.3091,-27.994,68.243,-102.13
-1.248,-2.0069,-0.5987,-55.772,23.634,85.748,-59.905
-3.47,-5.4494,4.4375,-0.93368,80.93,56.205,-113.82
2.0678,3.3529,3.6331,-42.882,-21.189,74.502,-90.145
-0.42588,1.714,4.7959,-51.833,1.3293,40.793,-96.368
5.3567,9.0883,-3.823,-87.197,20.644,-22.269,-16.785
2.5827,-4.0875,1.17,18.657,11.281,-1.2836,-0.50896
-3.5818,-4.8877,4.4113,7.8121,88.566,84.296,-113.77
-2.6877,-1.7446,-0.83973,-39.108,25.92,35.828,-69.171
-3.6211,-7.8525,3.0614,-62.318,30.469,-25.052,-80.478
-8.9731,8.9595,3.7737,-0.5476,23.841,76.228,-110.98
-9.1817,-7.9343,1.0328,-85.006,20.627,12.847,-91.385
7.2786,-9.5589,3.4952,-1.1011,35.134,22.073,-78.559
-0.45273,-6.3951,-2.0303,-0.3693,44.179,49.718,-80.978
-9.3103,-7.9825,-4.5823,-72.546,70.196,37.267,-21.972
1.6131,-6.3099,-0.050981,-53.017,-5.1785,-17.402,-20.194
1.7128,-0.87487,-4.6156,-47.74,35.578,-21.706,-28.123
3.9822,-6.2217,-3.0019,-5.876,33.589,-29.353,-123.46
-3.8815,6.0868,-2.0003,-59.948,2.4581,61.628,-41.54
8.6163,-6.8968,-4.4729,-22.841,-0.84791,37.188,-86.774
-1.1865,5.6227,4.9109,2.6554,-22.802,62.013,-94.863
3.093,-9.0863,3.6747,-78.69,83.637,15.527,-18.021
6.1675,8.186,-3.3928,-8.6931,36.682,-7.2909,-88.135
0.20969,-1.3061,-1.1642,2.9296,0.093807,5.2333,-72.428
7.5512,-8.1408,4.2985,12.93,1.8431,-25.725,-60.438
7.1522,-7.6941,3.825,-47.128,5.9778,60.328,-34.649
-8.0484,-7.8729,1.1865,-67.914,20.786,67.112,-42.987
3.3748,3.1745,1.4373,-69.812,68.656,43.66,-120.55
-8.4568,-0.10282,-1.2382,-44.824,44.348,49.741,-81.874
-5.0056,-2.1259,-1.5983,12.158,24.326,33.201,-65.126
-9.6456,-0.98502,4.0459,-17.869,-12.789,1.1763,-102.76
0.17157,-3.4814,-0.45198,-57.469,51.962,80.968,-37.519
-9.2441,6.5515,-4.7173,-49.113,-9.0318,30.726,-65.231
-9.4708,4.7902,-1.7512,-16.929,29.742,72.971,-97.172
-4.8909,0.68797,-4.0839,-28.138,72.263,57.297,-71.074
-2.1273,2.9501,-0.50744,18.881,-18.766,26.229,-89.393
-5.6347,-3.0204,-2.3211,-47.569,75.391,36.614,-43.77
4.3556,4.5991,-1.6388,-39.375,15.326,-22.268,-127.43
5.4521,-4.5386,-4.9176,-60.552,34.062,-2.9797,-118.64
1.8669,8.0332,3.4294,5.3963,-17.564,64.436,-52.523
-1.5146,1.2505,2.3274,15.694,-22.904,-15.654,-17.049
-8.1327,-7.2906,3.1065,3.1119,-17.649,60.656,-41.024
-5.1536,0.87465,-3.3575,9.6952,38.726,71.402,-126.64
9.2894,-7.0138,0.97211,-38.672,19.36,75.632,-29.565
7.8267,7.1087,-3.6809,-15.069,-12.049,19.194,-71.678
-7.9871,-9.5625,-4.1571,-39.398,-7.4008,-21.045,-43.201
-2.4121,1.3027,2.5658,-9.3511,15.751,78.553,-25.316
-5.2082,-1.7431,-2.1055,-73.158,7.176,45.645,-3.3586
-0.019315,-0.74878,-3.4724,-61.46,56.686,89.575,-72.471
-8.3922,-5.7344,-1.1148,-58.469,-12.035,46.103,-14.521
2.9417,-1.494,2.5735,-63.451,-7.3854,-11.737,-127.57
-6.5183,1.5044,-0.41018,7.1177,-29.219,14.036,-21.917
4.4151,-1.5145,0.15788,10.244,59.961,85.63,-96.831
5.6318,-7.6176,-0.69022,-74.275,-18.054,31.587,-24.518
-5.3362,-7.6685,-1.4657,-79.232,15.699,87.314,-79.85
7.3778,5.1387,4.8424,-65.392,-9.2403,80.75,-116.79
-4.6341,8.9229,-3.8787,5.3044,-16.859,77.804,-82.868
-3.6508,-4.6074,3.6064,-1.6996,1.499,77.483,-16.079
-7.2376,-6.4728,-1.2769,18.455,73.062,58.077,-77.147
4.4563,6.1113,2.4183,-2.8951,53.739,63.411,-47.261
3.1451,-5.7377,-0.5459,-7.586,49.861,5.9016,-100.85
4.9571,0.69455,-1.7207,11.403,69.416,32.756,-15.674
6.1709,9.5494,-3.2691,-1.1437,13.73,37.274,-38.123
4.6905,-9.5348,-3.9195,-77.798,3.8209,73.548,-14.522
-9.846,4.3585,2.109,-71.028,74.359,-10.712,-118.7
-3.1204,-5.0173,-1.543,18.384,44.874,41.562,-75.134
9.8421,9.7195,0.36184,8.4022,-1.7337,27.421,-117.73
-9.6351,5.5629,-1.4054,3.6108,21.962,42.627,-48.455
8.3051,-6.3534,0.90775,-0.99564,1.3416,88.592,-57.347
0.60075,0.28547,2.0162,-49.222,43.684,6.5823,-11.865
-7.2407,-3.9482,-2.458,-9.586,46.522,87.021,-42.887
-2.9385,-5.6468,-4.9669,-68.87,24.028,51.823,-61.161
-3.5275,7.3235,1.7516,-63.22,-26.583,1.8015,-96.147
7.9241,4.7097,-2.7929,-82.476,-19.369,1.5123,-19.877
-5.2692,7.8535,-0.38401,-24.474,7.7436,-13.601,-120.82
7.8457,-1.5881,2.4095,-60.893,-0.69095,-10.156,-79.179
4.2674,-8.7397,-3.1751,4.8962,64.287,82.835,-38.429
-8.2891,-6.2646,-1.3124,12.276,53.597,-10.065,-100.93
-8.6992,-1.3534,1.8974,-34.498,56.03,6.2325,-90.457
2.4467,2.7403,-4.1896,2.8794,73.434,61.055,-121.55
0.75187,4.8838,4.2941,-75.838,-3.482,9.5106,-44.251
5.0883,1.3178,2.7788,-9.2856,85.848,61.561,-73.5
9.4784,4.3085,1.9839,-70.146,26.447,66.619,-14.716
-7.9875,-1.9793,3.6828,15.005,-27.433,83.417,-119.67
8.9226,-0.067112,-4.3195,-72.943,5.5281,-10.045,-95.695
-1.9759,5.0384,-4.7306,-48.958,-7.5985,14.611,-43.462
8.6641,9.4649,-2.1564,-30.924,-28.49,-11.191,-45.874
5.6576,0.76053,4.3976,-31.103,19.555,85.76,-78.199
-9.471,2.3108,-3.0171,5.3607,81.384,71.476,-5.7118
-3.8693,6.6799,0.21828,-77.232,-13.284,18.544,-20.764
3.5088,-8.0104,-4.9588,-28.119,12.776,21.84,-35.007
-0.40255,6.7302,3.3706,-27.328,63.972,27.083,-101.08
3.87,5.1387,4.0847,-83.234,64.015,-9.5736,-106.38
-2.7492,-8.7294,1.065,-70.858,45.751,12.895,-88.681
1.5251,3.6054,0.82426,10.101,77.805,24.764,-24.052
1.0967,-1.4291,-2.077,-1.3406,88.653,31,-24.731
5.5061,3.9443,4.9027,-24.708,-11.24,-14.319,-22.33
1.4576,9.814,-4.4536,-80.807,85.353,19.009,-89.748
7.2534,-4.884,-4.4031,16.544,-22.139,-2.5177,-4.3976
-9.0315,8.201,-3.7788,-51.035,-2.1899,37.76,-73.29
9.6466,7.7207,-3.9328,-21.511,74.532,40.67,-99.12
1.6735,-9.2623,3.9655,-70.224,56.512,-15.86,-61.225
1.6323,7.36,-3.6931,-49.99,-19.313,-8.04,-79.479
8.5616,7.4496,-1.054,-48.312,-26.912,62.754,-45.37
8.943,5.8054,1.5214,17.281,-14.312,31.91,-69.381
-5.1895,8.0897,2.338,6.3103,2.1283,72.224,-107.66
1.9144,8.8457,1.4019,-40.751,15.219,-28.966,-28.392
-6.9626,-3.8092,0.30835,-31.621,65.342,-22.733,-109.64
-0.34816,-8.527,-1.5714,-30.448,42.608,63.236,-84.491
4.9067,8.5206,2.5266,-74.305,11.639,77.457,-19.867
8.0342,-8.4157,3.7411,-23.474,71.708,55.829,-124.72
-2.0966,7.8279,-1.1777,-40.597,74.692,76.247,-28.033
2.8719,8.0303,-1.1471,-5.2822,76.573,-20.787,-46.86
-4.3064,-8.4702,3.8509,-74.903,49.95,-29.85,-115.72
7.6204,6.0254,-4.9403,-24.489,18.807,-25.801,-57.184
-1.5262,-8.5803,3.4571,-17.202,14.072,53.911,-36.201
-2.8383,6.6919,-4.7096,-75.634,-7.6393,84.141,-129.02
-3.5519,1.7454,1.3954,-87.854,-25.592,-23.123,-8.3605
-5.709,3.4514,-1.7615,-20.224,12.669,-11.697,-11.536
5.9129,8.9972,2.4583,-83.053,-7.1567,59.571,-14.298
-7.406,3.2128,-4.2681,-67.688,72.095,41.489,-88.192
9.7795,2.4308,4.7438,3.9961,-25.278,23.391,-41.284
7.2816,9.1563,3.6478,-17.165,36.755,24.312,-42.314
-7.6506,5.8845,-1.7007,-77.334,35.938,48.093,-79.785
-1.9968,6.387,1.9217,10.848,46.986,49.217,-1.7288
-5.0193,1.8045,-1.3931,-10.83,10.269,27.323,-29.309
-9.6381,-0.78331,0.038909,-11.327,52.88,89.2,-34.334
2.7744,-2.4369,-2.4491,-28.427,60.567,-18.456,-54.284
3.7861,-4.7086,-0.6587,-4.0748,80.802,17.285,-50.545
-8.7477,-8.7669,1.0637,-62.834,-29.779,61.934,-55.49
-3.5576,-5.112,-4.7765,-71.09,84.115,10.586,-64.869
0.085492,2.6839,2.2667,-44.821,12.757,9.0572,-59.401
1.8762,7.2275,2.7705,-78.656,17.303,87.134,-66.164
-0.61961,-4.694,1.7454,-76.468,0.21368,40.158,-44.844
-9.2937,2.8325,-1.8138,-78.576,-20.281,78.254,-32.282
6.8777,0.56642,1.6486,-48.727,8.0888,67.578,-14.856
2.6472,-5.7899,-0.65041,12.635,24.867,-16.073,-88.14
7.6393,1.228,4.687,-7.4345,83.911,58.665,-34.211
-1.7236,-4.5407,1.8964,18.443,-0.37576,61.702,-86.266
-1.504,4.3594,-0.8954,-23.529,40.909,87.522,-36.451
-1.9695,-7.9042,-0.85112,-30.773,-2.2364,-28.928,-69.262
-9.1769,8.9503,-4.2538,14.428,-2.1043,-19.708,-94.679
-1.004,7.7492,-4.0744,-35.848,-2.5643,-16.644,-58.664
6.2042,-8.8505,0.83247,-12.556,78.492,4.737,-111.62
4.4238,0.46087,4.122,-59.34,-16.711,12.196,-15.047
9.7401,2.1697,-1.4059,16.144,74.787,21.437,-19.576
2.0764,-0.21556,-2.5557,6.1988,33.755,57.805,-52.752
-6.0277,-8.2051,0.42969,-72.449,-29.428,34.852,-82.825
-3.9406,-5.0634,-1.1065,-71.993,60.144,-22.696,-12.254
8.8138,6.2917,0.25214,0.048863,53.595,74.959,-73.606
-7.2296,-1.0785,-3.5813,6.2456,36.013,40.196,-69.865
-3.2873,-6.0473,-4.2843,10.465,84.833,13.116,-13.248
-9.0263,-7.7444,-1.5179,-37.756,-20.455,51.178,-67.094
4.9175,-2.6202,-0.76794,-26.676,40.574,-26.544,-12.223
-2.5298,-3.4043,4.0385,-37.972,30.988,65.136,-17.255
-3.3768,-3.1981,4.3442,-56.26,-25.346,38.316,-83.133
2.6472,-6.0599,4.9756,-89.689,43.837,68.93,-54.132
0.97638,1.1407,1.205,-89.9,-7.4653,26.831,-2.318
6.6949,3.516,-3.1459,-23.043,54.62,-26.531,-68.801
7.9563,-0.81015,-3.3657,-60.034,32.483,62.647,-50.487
7.4248,8.6277,-0.7429,4.852,27.682,79.063,-33.066
-4.0402,-2.3632,0.33887,-43.11,-2.1556,-26.618,-3.3918
4.1552,-2.9475,2.0949,-25.076,-16.949,47.801,-95.353
-2.1218,-6.083,-0.59271,-22.863,-2.1796,74.788,-94.036
-5.3422,-3.2961,-3.6097,-53.161,37.939,25.372,-115.89
8.6486,-8.9256,4.1456,-34.735,-7.0189,44.396,-113.25
4.3377,6.8526,-2.3808,-39.284,13.551,44.008,-40.299
5.1521,0.27375,-0.58093,16.973,12.039,-6.0916,-62.419
2.5307,2.1679,2.06,-31.271,-22.663,36.669,-8.7574
6.9696,-5.4097,-3.751,-84.337,46.741,-20.568,-100.41
0.3289,-5.2361,-1.1379,-66.363,5.8084,52.551,-79.527
-2.98,2.1043,1.1216,-56.448,70.69,-9.266,-0.83791
3.2432,2.8362,3.4966,6.3711,83.62,66.899,-9.797
8.9425,8.9581,-0.39555,-49.431,10.408,28.787,-109.36
-9.7633,-5.41,1.8709,-85.844,64.37,49.271,-96.448
3.6667,-7.6901,4.5764,-53.135,8.1949,50.214,-18.98
-0.24876,8.3012,-0.10186,-36.407,2.8962,-19.1,-87.162
2.1171,6.8476,1.786,11.733,86.97,-23.12,-3.6397
7.1988,7.3096,3.9546,-88.369,65.532,-8.0611,-4.8286
5.558,5.1809,-2.4937,-52.258,57.688,4.4725,-57.761
8.979,2.6347,-0.27374,-76.439,3.5656,62.37,-95.899
7.8621,5.8049,-4.7741,-81.254,80.506,31.685,-5.5772
5.6809,9.0948,-3.0569,-38.54,79.334,19.924,-38.794
0.66517,9.0223,-4.2199,-42.73,63.799,-10.097,-88.555
-5.8345,-2.1678,-3.2893,-25.896,3.212,-18.945,-33.836
-4.8233,5.1036,3.7903,5.727,-4.5004,23.446,-3.1468
-5.1164,-1.8029,-4.519,14.386,-25.55,34.153,-67.545
9.5936,-1.5258,3.3537,-69.201,16.947,37.449,-124.26
2.8277,-4.4182,-1.9277,-41.288,76.992,9.0427,-48.581
-7.6257,3.1048,-2.3911,-32.897,-25.913,85.507,-121.29
-6.8808,-0.51244,-0.2072,-43.419,28.479,89.279,-10.588
7.0033,5.7623,-3.1432,-46.559,1.1553,41.887,-86.508
-0.80564,-7.4926,-1.169,-82.713,79.259,87.042,-91.127
-6.6743,0.8547,0.88572,-0.84356,26.666,80.293,-112.5
-9.4731,3.0355,3.9266,-40.519,74.033,60.056,-58.128
0.94214,7.1677,4.1438,-21.101,32.065,34.513,-21.02
5.0152,9.3052,3.6673,6.4986,-9.164,4.4277,-110.6
-5.1891,5.5201,3.9254,-84.15,36.794,-11.625,-127.76
7.3756,6.0425,-0.11626,17.117,33.259,-3.8897,-25.574
-2.5798,2.4723,1.927,-3.4208,45.887,52.805,-104.23
7.6267,-6.1264,3.4661,-67.413,50.465,-4.165,-8.4126
5.9164,1.5615,0.15327,-47.108,39.621,29.22,-72.355
3.9218,5.5944,3.7843,-64.846,66.044,60.38,-127.47
-5.1323,-5.3423,-4.8393,-40.387,53.466,54.694,-60.536
7.3319,6.9939,-2.0488,-64.33,27.266,-7.108,-118.98
2.4488,7.1734,3.907,-72.763,41.61,70.274,-105.54
4.0398,-7.5889,4.9506,13.939,64.485,44.53,-123.42
-4.7064,7.8035,-4.4958,-40.709,77.456,79.339,-20.608
-6.5606,4.4845,0.86109,-40.652,24.447,-16.283,-0.070593
-7.4803,3.6709,3.3139,3.8003,42.12,66.397,-92.621
-6.9828,-1.0705,3.4889,9.3215,20.845,2.6751,-91.39
-7.0284,-3.3458,-4.662,-8.8878,23.166,18.733,-12.585
-5.0713,8.0608,1.3709,-74.199,-1.9357,64.358,-111.94
1.1903,4.0294,3.2681,-39.508,-8.2766,86.794,-32.41
6.6953,-8.0644,2.8442,-45.172,47.469,43.182,-1.8461
-4.0013,-1.3224,-0.60176,-37.23,-7.2544,29.711,-114.24
-3.5701,-6.7644,2.4187,-27.725,59.351,4.5046,-12.098
0.20695,1.4516,3.9338,-48.709,86.163,12.375,-24.198
-6.7201,-4.5758,-1.5479,-67.84,-21.416,74.796,-20.621
8.4871,1.0974,3.2882,-51.256,6.8148,50.722,-7.8765
-6.9429,3.4127,3.9663,-15.583,48.954,19.691,-85.301
5.8447,-2.0947,-4.4021,-21.7,-10.177,9.389,-34.479
7.053,-5.5484,1.37,-11.674,10.048,-23.938,-60.026
-9.6281,3.8164,-0.35999,-5.5033,10.194,-10.54,-75.919
-1.061,3.5039,-2.3851,-12.844,36.658,-24.346,-23.034
-4.3634,-7.33,-0.43153,-65.902,36.383,-21.835,-12.452
-7.784,-2.8431,1.0095,-51.679,67.447,-15.875,-53.367
1.7441,9.9757,2.3367,-38.474,43.97,-14.435,-116.19
9.4103,-7.0791,-3.7826,-55.965,75.557,3.5934,-78.361
6.2707,-4.0993,3.7585,-55.081,85.172,81.419,-63.372
-0.25242,-3.1214,-4.2443,-53.396,-15.305,-12.667,-49.665
0.68834,-9.874,1.6198,-30.821,23.472,64.088,-20.749
-7.2689,-9.133,1.7276,-76.059,-3.687,48.826,-41.216
3.6471,-8.4349,-1.4792,-51.195,-16.191,29.253,-55.863
8.2234,-5.6989,1.2526,-87.266,64.072,-28.957,-98.724
-1.8649,6.5149,0.66931,-26.224,6.5003,4.7556,-34.892
-0.48022,4.1809,-2.0288,-64.829,78.294,44.502,-30.193
5.7365,6.4783,-1.1719,-50.873,9.6546,54.617,-51.246
7.0449,7.1047,0.58854,-60.78,15.196,35.08,-5.7326
-1.0808,-3.4363,2.975,4.2093,80.802,5.4554,-117.09
-5.9543,-7.1091,-2.9883,-79.036,44.801,51.508,-41.7
-0.19267,-0.64475,2.7387,-49.975,55.847,-11.135,-65.135
3.1957,3.8813,3.0417,-48.277,-0.017226,9.4372,-126.59
6.1353,3.8412,0.42074,-75.418,23.462,29.057,-91.254
3.2679,9.2407,3.8788,12.264,55.524,-20.176,-32.493
-5.1428,5.5774,-2.2119,-33.226,1.6757,43.95,-54.123
-4.2245,3.0992,3.7182,-11.257,58.085,60.451,-8.1047
0.16182,9.6672,2.1913,-11.512,5.272,83.775,-53.388
-9.7083,4.8994,-2.1519,12.062,-29.306,26.408,-17.94
-0.7797,-7.6933,-2.1232,-44.986,-21.592,17.15,-98.909
-7.5811,-7.1259,2.329,-39.361,34.037,4.7167,-109.29
-0.04445,6.8692,3.2378,-83.664,-12.761,0.74831,-115.54
5.3085,7.2167,2.9202,-57.256,73.633,57.87,-8.116
4.8181,-2.9457,-4.269,0.56981,-0.96701,-23.218,-7.6441
-3.3851,3.8955,3.5907,10.65,74.451,62.231,-96.426
-4.0829,-2.4488,1.3427,-48.205,25.67,60.711,-33.041
-9.3182,8.3011,0.78067,-74.1,7.0752,-0.35742,-6.0403
-2.0325,3.7614,-4.9766,2.4234,65.001,2.9063,-110.37
-9.3277,0.62765,2.3765,-13.723,35.561,9.0131,-75.603
6.2286,-1.2153,3.8779,-78.527,82.429,14.816,-20.881
-7.1546,0.085866,1.7426,-69.604,16.821,80.717,-125.07
-2.6014,-9.9516,2.6093,-42.536,-14.379,72.659,-61.564
-5.9273,-2.474,-4.3463,18.62,31.959,83.463,-28.436
1.3794,2.2807,-3.4998,-56.253,57.139,37.719,-18.729
8.024,0.18313,-1.1639,-7.4712,24.404,38.139,-41.955
-6.9485,4.1476,-2.3226,1.8287,-9.516,51.064,-31.401
6.6195,8.3423,-0.90816,7.2175,27.317,-26.197,-123.81
-9.4997,-1.9072,3.5815,0.70627,10.013,48.115,-50.8
3.7901,9.502,2.0575,-25.246,-9.4493,71.235,-63.528
-2.4959,0.68658,2.6199,-27.034,-10.561,-6.5164,-3.9965
-3.6621,5.2187,1.4891,0.36321,72.182,3.2651,-14.93
-1.0477,7.944,-2.1629,-28.123,5.7425,83.332,-98.873
-1.2014,4.0808,3.6931,-82.911,-7.6471,-29.014,-111.03
9.4814,-7.0332,-1.4385,-71.177,62.807,60.446,-26.997
6.3181,-5.6989,2.0212,6.0591,1.8199,71.235,-103.56
-2.7323,5.4906,3.5021,-16.549,3.1931,-3.8895,-68.473
-7.9422,7.4664,1.1589,-21.581,5.6367,52.083,-55.505
6.1006,0.52419,-4.0237,-40.099,85.423,23.645,-20.646
9.9835,6.4938,0.76849,-34.925,-1.9622,-11.498,-94.001
2.2633,-1.7086,4.214,-54.822,60.119,-4.9952,-39.196
-6.7259,-2.5712,4.0197,-44.85,69.613,86.812,-73.075
-2.1082,-2.0683,-0.80668,0.48314,57.127,78.632,-101.42
8.1868,-6.811,2.9399,-15.925,80.279,37.408,-26.431
9.9943,0.97967,0.93173,-72.9,46.396,35.618,-36.734
1.3891,1.9435,3.2085,19.073,11.114,-29.565,-9.7381
9.9682,0.27079,2.2201,-74.029,-7.5776,-1.5639,-118.34
4.8972,-6.1421,-4.9932,-86.774,18.266,40.155,-6.0185
2.2427,8.8121,-3.2285,-77.181,25.047,87.141,-103.42
-9.2869,6.9885,-3.6008,-64.991,15.071,-5.6038,-86.674
3.7936,-1.9075,-2.632,14.338,-0.41341,-25.642,-33.631
6.9678,0.29144,-1.589,-70.416,-20.171,25.479,-11.799
2.8027,8.0973,-0.8999,-4.4502,30.719,1.0338,-48.436
8.6609,5.9704,-2.2332,19.631,57.211,4.4277,-77.314
3.5614,9.4781,1.6024,-62.953,24.096,0.26779,-98.544
6.0565,-3.6884,-1.0351,-38.275,1.684,63.296,-64.212
6.1982,-4.199,-2.3987,-83.046,56.635,23.546,-16.791
-8.3719,1.9317,-1.1369,-38.722,88.404,-10.351,-122.77
-8.5648,-9.6813,-0.0076967,-66.513,66.328,38.328,-42.655
-4.4064,1.7066,-1.1085,-70.774,-27.09,79.806,-109.85
2.6188,3.0629,4.1667,-11.05,-16.447,52.196,-31.056
1.8436,-4.8096,-1.477,-36.438,3.2029,65.981,-35.499
4.9533,-9.3831,3.5354,-38.432,28.306,31.902,-50.504
-4.2206,3.1673,1.6718,-88.262,55.928,26.728,-11.864
5.5207,0.046371,2.2517,-3.8653,84.253,43.04,-38.866
-0.12929,8.7071,3.9175,-25.799,31.754,12.034,-21.967
-3.1714,8.038,-3.8368,-26.069,47.441,-22.559,-105.93
-8.3761,-1.44,-4.1843,3.547,76.066,-3.1814,-61.164
9.6871,-0.68437,-3.5068,-48.848,18.424,37.034,-103.09
9.4246,-9.7839,0.11361,-74.202,34.499,77.468,-59.256
7.7743,-1.8934,0.5131,-80.653,63.25,-14.505,-14.668
3.7637,2.5215,4.2977,-53.919,20.025,10.263,-31.269
9.4068,-1.9186,3.3066,-59.025,-28.192,38.847,-8.5058
3.2182,-2.8924,-4.1834,-23.885,77.676,84.309,-55.603
4.1519,-4.4918,-0.29994,5.0668,40.595,88.531,-120.15
8.6128,6.1562,1.6741,-56.989,-23.17,-21.669,-85.829
-7.4645,7.1967,4.8951,-18.098,-23.994,69.503,-119.74
2.0749,-8.248,-2.846,-50.07,-2.3783,-13.1,-93.956
4.8375,-0.61631,3.8727,-50.671,61.093,-21.166,-1.7182
9.6552,3.4623,-2.1377,-60.243,30.75,38.486,-25.154
5.6658,-6.5157,-2.979,-82.688,64.417,-4.7264,-31.338
4.8232,9.5243,0.043954,15.468,80.876,31.656,-45.934
6.6047,-0.045203,1.1747,-16.332,-6.2639,19.658,-76.727
6.7195,-3.206,-4.7287,-64.363,47.097,35.503,-37.66
-6.612,4.6583,-1.8512,-17.822,49.537,33.089,-74.049
-8.2497,-4.643,-4.0019,-46.168,48.052,83.21,-31.955
-9.217,-8.51,3.5042,-0.52511,8.1362,56.942,-110.61
-6.4519,-7.7231,-0.46601,12.591,47.832,-26.351,-129.29
-3.6636,8.8168,-1.3281,-86.01,5.098,71.961,-61.568
-5.5139,3.7487,-2.0012,-5.6163,69.524,65.099,-78.49
-6.1242,-8.0306,-1.9973,-64.572,42.706,27.385,-120.83
2.239,6.9387,-3.2208,10.273,-10.492,-14.294,-36.384
2.3228,8.8871,-0.46291,-59.507,-28.584,-17.706,-113.16
8.101,4.0102,4.3391,-32.319,2.9686,-2.3387,-40.028
-3.1151,-7.0935,-0.11582,-38.318,70.868,33.907,-106.15
-3.184,0.016477,-3.6812,16.277,19.033,86.379,-81.375
0.84148,-0.92586,-2.2872,1.0674,26.732,47.229,-77.834
-9.8441,3.7591,-1.4998,17.885,67.988,22.348,-74.2
-7.3591,9.0768,-2.689,-84.166,41.248,78.62,-107.83
-1.2673,-6.8282,3.8683,-71.93,-29.792,73.71,-126.55
9.5896,3.5436,3.2884,15.756,45.746,-26.789,-64.757
-6.3709,-1.3132,2.6057,10.829,30.214,15.038,-99.305
1.9972,0.37408,-4.2778,-16.532,19.204,1.6156,-98.74
-1.0085,4.5497,4.8485,-31.369,63.584,88.945,-82.647
0.31769,7.2395,-2.0182,-56.85,-3.4687,-13.204,-124.44
-8.4691,7.3063,-3.1863,2.0067,70.924,31.029,-68.204
3.5726,-6.5659,-3.2333,8.2562,-20.283,-21.347,-3.0358
-3.9412,2.4432,0.81787,-13.807,-12.773,11.702,-81.034
4.497,5.0381,-3.1437,-27.388,-22.667,51.944,-87.195
5.5073,-5.7521,-2.9602,-2.999,2.3873,69.653,-129.53
7.1176,-6.9001,-4.1869,-20.956,-18.365,-25.982,-42.4
-1.9197,-4.2172,2.6871,13.769,3.5278,14.479,-34.897
-1.1064,-7.628,4.3927,-24.359,9.7214,5.2117,-65.453
0.028675,1.0327,2.4262,-59.145,16.369,60.272,-65.302
-9.2475,6.2377,-4.5467,-56.49,6.4645,34.47,-17.294
7.4487,3.0284,-0.68507,-75.154,-27.789,13.654,-2.21
-2.6835,-2.7039,-2.1212,2.177,87.106,-4.3709,-86.539
7.0577,3.4721,-2.3048,9.196,1.8828,72.416,-54.313
0.9287,2.9329,4.903,-0.72585,79.601,37.117,-41.781
-9.8063,1.2629,3.5408,-40.32,10.597,-19.823,-116.49
8.2167,-4.6082,-3.1057,-42.09,79.489,-7.1875,-90.588
-4.9445,1.1418,0.098553,17.393,63.59,-1.1854,-13.501
1.7008,-3.1802,4.9418,-14.904,-8.5367,-1.6822,-96.177
-5.2457,-9.3629,1.7695,3.8183,62.331,39.064,-34.468
-0.97851,0.55683,4.7139,-2.0364,32.936,8.3224,-108.9
-0.9621,-6.7312,-2.728,-85.197,5.7833,26.876,-44.573
0.52882,9.1555,4.8596,-2.6119,57.27,-11.203,-109.46
4.118,7.9879,3.2992,-36.31,2.9879,25.964,-91.989
1.0464,-8.6497,0.74943,-68.006,32.183,84.152,-15.589
8.6058,-1.0579,-1.8925,-63.317,82.83,11.124,-112.77
-0.89777,-3.8295,2.1327,9.4109,23.353,62.97,-73.271
6.9573,-2.6067,1.7683,-43.345,48.472,51.56,-122.94
7.7615,9.6276,3.982,-75.425,-11.392,67.583,-67.511
3.7483,-8.5607,4.7996,-83.275,3.7905,25.456,-106.73
0.47264,-3.9584,-0.97491,-52.761,2.1068,22.546,-13.366
1.1076,2.6551,-4.0945,-16.235,-26.307,36.93,-128.61
-9.3031,7.5121,4.7102,-26.187,14.323,79.444,-82.783
2.2267,-7.7802,-2.6349,-88.053,69.216,29.127,-66.715
2.7759,-8.2717,-2.6956,-54.847,19.124,-17.031,-93.298
-0.61348,0.23446,4.4162,-82.687,-10.514,63.062,-94.407
-2.1526,-3.399,0.027024,-5.4282,40.47,52.644,-17.434
-2.5357,5.9545,-1.3964,-28.612,18.964,86.193,-90.577
0.082121,-5.324,4.8498,-23.105,27.439,65.946,-47.997
4.3232,2.4932,-3.9174,-49.392,-18.175,67.493,-129.79
8.4302,9.2694,-4.441,-57.67,88.132,4.8225,-9.8993
-6.3571,-3.0142,4.2531,-48.097,31.232,19.743,-37.547
9.5493,-1.1462,-2.162,-15.747,26.55,60.221,-37.702
6.6362,1.158,4.2126,-7.034,67.039,43.985,-88.658
-6.8726,-0.91327,0.53077,4.2905,-1.3619,13.723,-58.527
3.5924,-8.7545,4.1909,-69.793,26.258,13.485,-62.525
-0.52361,2.2046,2.5954,-51.29,82.609,-12.87,-46.002
-5.7735,3.4987,1.586,-30.404,28.94,-27.45,-113.24
7.7493,-3.4529,-3.0173,-60.412,34.968,-21.291,-90.961
-6.1098,7.7262,-0.30614,9.7432,34.957,-12.049,-113.12
-9.8906,-5.2512,4.9338,-7.9088,-19.312,-21.731,-103.12
-4.78,-8.9544,-2.1909,-5.7176,14.013,-9.2554,-63.406
9.3794,-5.6835,-3.3798,-39.52,0.57675,2.108,-126.55
-6.6622,-3.1107,-4.4961,-79.708,-10.359,45.865,-97.058
-7.8491,6.225,-0.40509,-21.636,64.463,80.946,-120.76
0.3984,-0.36884,-2.3063,-21.682,84.636,22.59,-112
-9.4867,-1.5585,3.524,-70.492,-16.42,-13.926,-19.844
0.93568,-9.1566,3.1155,-18.45,41.159,56.35,-50.706
-6.4792,8.5502,-3.7647,-1.626,10.781,-17.175,-45.799
7.6055,0.65883,-3.7528,-0.74804,23.077,21.595,-19.14
-6.2139,-4.5918,-3.5171,-71.841,65.921,-2.9275,-9.1663
-3.1766,-9.7101,0.45091,-48.801,83.624,59.191,-15.769
5.5297,-7.1945,-4.6809,-28.327,53.395,59.957,-87.701
-5.026,8.6535,-4.7562,-3.5338,-11.441,-21.165,-111.28
-9.4891,5.6523,1.3789,-31.816,-14.031,2.781,-125.1
-8.4589,-1.5288,2.5319,-29.18,-12.453,-6.8981,-122.92
8.2045,3.37,2.8155,10.519,-6.2616,56.063,-27.621
1.6803,9.7178,-4.9016,-42.698,23.927,-21.45,-63.491
0.83552,4.6683,4.0762,12.614,3.6627,58.382,-51.589
-2.9479,1.4314,1.938,-40.427,5.4443,61.245,-125.77
-5.589,-6.097,-1.8858,-17.964,14.852,69.012,-62.372
-8.5852,7.6458,2.0889,-33.465,68.172,-23.199,-33.807
-5.6661,2.2492,-2.8117,-5.8522,57.678,51.22,-60.879
6.1994,-1.1066,0.44048,-38.594,-15.073,0.085708,-57.718
6.211,-3.5563,1.5736,-77.944,69.285,38.326,-35.515
4.4395,2.9332,-4.5647,-25.106,29.009,-8.0501,-116.24
-2.9475,2.4661,-0.2551,-21.182,46.955,76.418,-9.4815
7.4099,4.7778,4.611,1.8354,18.13,30.637,-83.675
3.4086,8.4002,-3.344,-64.244,64.105,2.6264,-93.686
9.3776,-7.9884,4.5402,6.2422,37.398,-12.508,-93.632
-5.5585,-5.7046,0.71445,-42.619,-3.7051,28.209,-37
-4.2331,4.3853,2.8922,6.2936,50.238,7.557,-47.654
-9.695,5.0018,3.1989,-77.921,85.22,21.13,-69.271
6.9646,-6.8823,1.9521,-21.464,-29.946,29.443,-54.188
-7.2351,-0.38848,-4.3509,5.3054,-10.437,18.099,-92.081
-4.7677,-3.7438,-3.0549,-77.151,83.53,22.811,-129.36
-2.7845,-9.7451,-4.9114,-46.723,76.449,83.255,-43.663
-8.791,0.51503,-1.3601,-31.332,54.153,10.618,-126.68
-9.5238,-1.2568,-2.7916,-13.897,47.61,20.328,-115.34
3.2093,-5.2579,2.048,-5.411,34.493,-11.223,-31.313
-7.7647,9.01,-2.4444,14.767,30.898,22.623,-32.16
-1.6325,-9.366,-0.73097,-83.365,82.513,83.248,-72.999
-8.2707,3.4303,-1.9542,14.655,34.951,-13.126,-118.69
5.8776,3.066,1.9201,-85.05,82.156,41.868,-19.517
3.6393,-2.2273,3.6721,-69.603,-4.4952,85.543,-56.428
5.8384,7.2326,-3.9358,-70.439,-28.22,4.024,-0.94009
7.0324,9.1278,-3.1589,-60.033,-8.2174,82.825,-89.039
7.4036,-7.5461,-1.0862,-5.075,70.103,31.003,-129.62
2.8095,-3.5933,-3.9697,-28.274,21.459,55.215,-85.081
-6.8893,-6.321,4.9495,-2.947,19.052,-3.1187,-51.937
2.5271,-5.767,-4.5804,-80.102,42.434,46.41,-53.993
-0.62564,-9.7398,-3.6889,-12.84,17.954,-3.7473,-14.295
-5.9445,4.0985,1.88,3.2751,44.107,64.602,-81.485
0.38154,4.0932,-4.5616,-64.765,69.567,26.765,-49.005
3.532,-5.1458,4.3482,-31.697,-28.947,86.509,-114.53
4.7421,-9.4007,0.60941,-66.066,80.179,32.171,-20.225
7.1051,-6.28,-1.4679,-27.67,-7.823,25.853,-24.06
9.4207,6.1395,4.231,-15.201,47.28,29.628,-128.46
-4.2209,-5.4894,2.667,-66.127,23.394,12.154,-54.594
1.9809,-4.0404,4.6575,11.547,48.034,-8.8967,-23.111
6.3926,-1.3352,-1.1022,-37.465,2.3511,40.785,-125.9
7.4215,9.073,0.64208,13.716,69.917,2.4528,-43.745
-4.8617,-5.3416,4.3244,-40.922,61.033,19.323,-92.157
-4.7875,-2.9845,2.6904,-32.925,12.521,12.863,-100.6
-7.2605,2.3542,0.45738,11.672,-4.623,69.774,-49.042
-3.9243,-2.744,3.2716,-32.653,37.503,59.698,-84.077
-8.7382,-1.731,3.8994,6.3198,82.786,10.265,-12.042
-7.5045,7.2633,-2.3283,-53.682,3.8574,55.078,-3.7827
8.2815,3.2785,-2.2653,-46.18,-11.169,59.649,-4.6119
-5.7093,-2.7861,1.8655,-5.231,10.758,-27.769,-20.754
6.3716,5.5339,2.6623,-7.1751,0.33504,67.414,-55.593
-9.2082,-2.1367,2.4211,-10.233,28.269,-14.227,-89.363
-9.1708,3.3688,0.73033,-69.839,33.421,84.271,-122.59
-7.869,-2.4902,4.5154,-80.315,78.608,30.285,-33.096
7.1662,-0.38069,-3.4361,-54.002,41.112,77.792,-97.925
5.4929,-7.373,-3.7783,-52.516,16.738,2.0637,-5.5083
4.8046,8.5709,-1.3269,-76.036,-10.954,74.085,-63.781
9.9673,-8.9742,-2.1286,-72.585,80.458,-16.724,-9.3268
2.1996,8.7051,2.196,-84.843,73.406,-23.576,-105.64
6.7293,5.7282,4.2256,-66.933,12.74,53.058,-120.99
6.0849,3.4553,-2.3541,-87.972,44.935,50.765,-51.96
9.8289,-2.4241,4.9205,-61.178,48.034,56.024,-93.258
-8.9296,-3.9263,-4.4506,-61.005,6.3758,27.951,-95.012
-1.6229,-2.9835,-2.958,-68.846,-5.0471,-15.741,-82.361
-7.4821,1.183,-2.8708,-17.981,19.852,20.054,-92.635
8.6679,-1.2109,-3.4052,-1.9923,-2.3925,-26.316,-95.879
3.8848,6.2169,4.6573,0.93895,75.736,38.446,-119.29
-0.11814,5.273,-3.4657,7.7215,85.441,83.665,-52.286
6.0859,0.91048,-2.508,8.5819,72.611,40.651,-6.9871
6.5475,9.6762,-1.7565,-62.686,-7.2771,-27.408,-34.754
2.8264,-4.6699,-0.046333,4.7296,53.171,32.011,-98.248
-9.0468,-6.0894,0.085739,-43.252,81.494,42.883,-49.825
5.865,-5.4429,0.46523,-54.371,50.659,53.842,-73.341
2.9299,-4.2055,2.8846,-57.968,85.245,20.523,-58.488
2.8737,7.694,-1.3303,-72.117,-8.4684,22.851,-42.969
-8.7432,8.732,-4.4138,-82.879,32.645,87.024,-6.0564
-2.5064,9.1336,-3.3747,-37.268,85.944,81.298,-2.6112
2.5091,-7.8172,-4.8578,-35.915,18.618,89.711,-129.82
-3.7109,-9.3818,-4.5375,-35.228,-23.555,74.262,-42.805
-6.05,9.2155,-1.3578,-89.486,72.683,71.747,-70.326
-6.0005,7.2558,2.1774,-53.678,83.517,40.818,-56.185
-6.6492,-7.0183,-3.575,-79.473,80.071,72.356,-47.559
-9.9083,8.3089,-0.68339,-8.8116,-17.964,-19.929,-102.06
-6.5053,0.013332,-2.0226,3.817,49.602,52.319,-16.021
5.3788,-1.3602,4.6167,-27.838,74.755,38.826,-62.613
6.3014,1.4089,0.87734,-16.907,-9.8914,24.735,-46.69
-9.7639,0.88999,-1.0077,-56.391,28.275,89.825,-124.14
-0.094392,-1.4253,-4.1315,-5.7971,30.768,81.544,-72.308
-8.6895,-5.2405,-3.5998,-1.4491,66.52,50.535,-53.83
5.3646,7.1642,-1.0547,-76.87,23.312,-3.656,-15.406
2.8248,-2.338,-2.9441,-85.324,77.874,-23.744,-38.119
-5.7954,9.4983,-2.3114,-47.466,-22.733,-5.2757,-109.42
0.80845,-1.1086,-4.0159,-22.579,47.322,39.596,-56.262
8.5099,2.6402,-3.4631,-64.047,82.624,29.256,-62.137
1.1223,1.0599,-4.1974,-51.447,10.059,70.929,-39.53
4.0006,-0.1637,-0.88726,-35.854,38.024,68.829,-66.445
3.8724,4.6225,4.3417,-11.409,27.17,40.779,-92.864
-0.58403,5.4036,0.79093,-53.582,13.705,-9.8325,-48.951
7.1371,9.5819,-1.9282,2.099,-24.461,74.195,-43.895
-0.17012,-3.1722,3.2321,14.224,47.943,87.356,-65.678
-5.0048,2.5901,0.9844,-88.904,34.37,32.375,-119.32
5.7645,-3.8536,4.3153,6.7788,-5.4102,34.757,-94.793
3.8656,-0.0026554,-3.0524,-17.78,-10.348,16.617,-20.559
1.6325,7.3387,3.3414,-74.067,-23.635,75.571,-55.893
-8.6627,-9.7742,3.3996,-79.118,30.536,70.315,-84.539
-5.2555,5.6157,-1.92,-56.614,76.351,9.4356,-16.769
-4.0216,1.6618,4.7213,4.384,56.554,50.63,-103.79
5.5212,-3.732,-1.4343,-76.884,0.84119,17.29,-126.68
9.2146,-8.7653,-2.2606,-27.65,62.802,-2.5506,-64.217
5.2052,-6.5467,4.6376,6.7422,42.169,-27.416,-23.407
4.4405,2.6947,-3.017,-12.335,76.637,-21.342,-120.95
-8.116,1.6921,3.2081,-73.883,74.033,86.348,-12.428
-1.869,3.1017,-0.43048,-7.347,-17.589,-10.782,-72.674
6.7459,-9.7391,-1.7677,-57.409,-16.185,71.985,-127.06
-2.8614,0.93241,-3.6414,-28.291,20.593,15.162,-74.933
9.3995,1.4913,-1.6009,7.001,84.811,59.171,-119.22
6.4684,-3.4151,0.59105,9.9041,-23.095,51.954,-92.7
7.3144,-8.0421,-3.6618,-15.319,19.804,31.228,-0.63235
-4.7617,-6.3528,3.6782,10.953,-4.002,83.2,-68.818
-6.9239,3.263,2.0919,-25.125,41.953,-27.453,-97.462
-5.4225,-7.5252,-3.004,-83.273,76.896,57.778,-16.038
7.6684,-9.3611,2.2938,-58.241,42.701,62.693,-123.25
-0.45621,-6.6521,2.671,15.686,-1.4495,-23.837,-14.367
-6.7462,-1.6497,0.088054,-59.022,48.248,44.619,-91.717
-9.2756,-2.9433,3.0363,-42.013,-12.698,7.379,-16.267
-2.7841,-6.6151,1.5024,-52.943,32.747,44.816,-87.441
-6.5114,-1.953,-2.6013,-75.705,21.501,88.964,-72.212
-3.0037,0.583,4.9245,-77.676,45.664,42.449,-100.53
2.2813,-6.8254,-1.1882,-43.375,51.742,16.244,-32.44
6.8752,0.88492,1.0193,-41.225,51.831,50.735,-119.2
-7.825,8.3991,-4.7079,-23.229,56.59,-20.621,-94.032
4.156,-7.4601,3.9878,-83.969,1.6819,-20.711,-121.18
0.7539,6.2206,0.42092,-13.478,88.353,-19.184,-123
3.0214,-1.1713,1.1048,-73.423,-12.497,87.226,-95.097
9.572,9.8039,-3.5362,-43.549,52.961,42.271,-117.82
8.1709,5.6986,4.3651,7.5841,10.312,44.228,-60.671
-5.3024,-6.4435,-1.0122,-44.021,42.177,-18.628,-123.5
1.9472,9.421,1.6254,-73.285,-14.436,79.232,-119.44
-8.3306,2.4965,-1.8585,3.7252,-20.327,61.144,-90.631
-5.9128,8.7212,-2.7255,-73.383,88.375,85.458,-111.95
9.9385,7.4386,3.066,-35.201,33.44,-2.8418,-68.115
-9.4324,5.1179,-3.3487,-56.635,13.669,21.647,-116.48
7.942,-4.9345,4.0037,-72.269,77.799,52.768,-126
-9.1828,3.5448,-2.2717,-49.655,66.879,84.054,-50.932
-9.7896,-8.0041,2.2206,-84.397,9.1046,5.4435,-118.93
3.7411,-7.0603,-2.5582,-67.707,1.8563,45.815,-39.078
-8.9274,8.6013,1.0239,14.476,35.078,86.062,-20.693
-3.3939,5.4784,-1.5744,-83.138,57.52,41.694,-6.182
-4.8289,-3.1239,3.9973,4.5271,39.542,-26.147,-36.045
2.7037,-6.5737,-3.949,-56.443,7.9328,-25.604,-33.637
-6.9928,8.099,0.15684,-52.719,-24.065,70.692,-119.33
2.937,-1.0283,-2.0711,-80.161,56.337,76.463,-83.402
5.5839,-5.4917,-0.4142,-61.226,61.923,70.157,-38.682
-8.6275,4.372,0.49241,18.297,-22.845,26.031,-5.9825
3.8135,-0.93072,4.3252,-5.6465,-28.777,81.095,-14.521
-3.6499,2.0699,-0.282,-4.3059,68.529,3.899,-85.558
8.232,-3.8272,3.5097,-82.558,-0.68379,11.523,-57.727
-0.37145,1.3372,-3.1325,-45.875,14.55,-18.042,-120.83
3.8521,-9.3541,-1.7683,-24.713,36.783,1.0861,-31.933
9.0921,2.1011,3.2546,-73.135,41.333,60.851,-16.361
6.6645,-2.3284,0.107,-59.829,17.264,65.304,-12.979
2.9991,7.8836,2.9038,-88.666,46.198,-22.62,-53.573
0.3932,-1.67,1.8808,-11.976,85.601,18.852,-67.677
-3.6034,-2.6506,-0.84895,15.784,41.236,23.69,-34.947
2.4148,9.2322,4.5593,-67.504,5.1039,38.85,-65.503
-9.7305,0.63918,-0.69684,-14.376,87.693,10.393,-50.658
-8.661,-9.0839,0.012006,-62.621,13.498,73.287,-120.05
-9.1806,-6.6828,-3.5257,-11.549,73.438,27.478,-62.53
7.9431,0.42662,-0.56402,-12.721,84.964,44.263,-5.2322
-6.2324,-3.6658,2.7626,-31.463,13.047,78.606,-8.3406
5.4496,-0.3851,-4.4785,6.3391,14.774,21.94,-27.088
-9.9006,3.4008,-2.3234,-27.645,61.091,-9.761,-122.6
-5.4327,-8.5206,-1.0161,-55.383,0.26695,-14.266,-71.529
3.0858,7.2219,-0.87959,-27.802,31.41,1.3517,-107.66
2.4099,-8.5833,3.4295,-9.9446,39.08,-28.31,-102.43
-0.26404,4.8731,-3.39,-57.532,57.623,59.719,-124.88
0.93554,-5.4504,1.8359,5.1205,30.471,27.496,-13.466
-3.9453,-9.8361,3.2754,11.336,83.636,7.4466,-101.79
-2.6724,3.158,2.3279,-80.944,-9.9505,73.519,-115.8
-9.3726,0.38053,3.8202,-78.319,61.243,71.512,-11.721
-5.7295,9.5954,2.3222,-38.378,48.38,-3.1395,-124.26
-1.9621,-0.63394,-3.5952,-50.448,-15.467,21.184,-21.801
3.3357,-8.9227,2.9811,-21.621,20.579,-12.813,-80.451
4.238,8.7715,2.2465,-30.712,77.876,58.954,-62.6
9.4482,1.9319,-0.51373,-1.4988,21.552,-3.7687,-46.996
5.441,-9.0028,0.20983,-25.901,58.577,69.446,-85.165
2.2039,0.86932,-4.2996,-79.259,65.196,5.1087,-24.865
9.5636,1.0877,2.5567,-60.867,72.035,43.34,-63.624
-6.0244,2.9353,-4.265,8.6182,53.649,-5.8673,-81.957
6.4967,-1.2636,-4.0356,-44.977,16.107,47.324,-73.303
3.7858,-3.7764,4.1488,-4.6265,34.532,18.421,-104.56
-5.6137,7.9426,-3.0077,-17.325,-3.8283,49.198,-35.7
5.2943,-3.9445,4.4485,-35.897,51.559,8.8442,-49.527
-1.2014,6.2565,3.3903,16.777,35.646,2.3358,-2.4638
-4.7285,2.3125,1.6646,-30.5,17.048,79.824,-35.58
0.22286,8.6869,-1.4927,15.196,13.665,30.541,-30.491
5.234,0.93816,-2.8718,-28.729,-15.92,84.291,-99.36
-9.3018,5.1451,-2.6442,-37.151,1.0285,-28.152,-83.413
9.7795,7.8997,-3.834,7.678,46.08,83.757,-55.218
-8.8961,4.7505,1.9433,9.6251,80.42,7.9973,-61.027
8.6636,-6.8338,-3.8205,-49.684,69.826,84.654,-108.65
3.6975,-4.1025,1.549,9.5075,66.359,56.163,-89.436
-3.2015,9.675,-0.93413,14.928,65.312,83.817,-63.853
3.6084,0.11602,-2.0462,-57.09,81.294,86.784,-127.24
-9.1764,5.7185,2.1648,-8.6916,19.946,32.099,-56.135
7.8071,-6.8446,0.72839,-22.639,17.936,-12.823,-112.28
-8.3971,-2.6527,4.2115,-0.72648,1.0756,17.38,-87.968
-1.6879,-7.9939,-4.8975,-85.193,38.87,1.3929,-67.591
-2.9427,5.8251,-3.9856,2.5819,44.83,12.398,-11.83
9.2197,0.20239,4.1285,-27.29,56.699,78.318,-101.6
-3.1485,0.57309,-1.6481,-26.432,-2.0333,-11.165,-97.15
-7.2935,6.5467,-3.723,-78.558,-2.9487,35.701,-113.4
3.4577,-9.6636,-0.17665,-77.188,-9.8513,-10.8,-47.367
-9.3171,-8.1765,-4.9756,0.63287,43.613,21.658,-122
1.7706,3.0815,-3.3411,-17.787,86.279,71.63,-68.513
6.2153,-4.5481,-3.323,17.309,51.512,-22.636,-62.996
-3.4014,-5.8343,-2.883,-85.555,87.946,-4.0169,-51.011
4.3561,3.8759,0.76447,-1.1084,-25.458,8.6144,-53.113
-8.2645,-9.2457,-2.4029,-54.039,58.357,77.559,-94.808
-3.7674,4.3888,-3.6227,-35.1,13.296,-10.895,-43.993
5.2305,7.6645,-0.35696,-25.332,26.363,58.492,-36.029
-1.1111,4.4545,-1.1193,-2.7941,46.955,-26.773,-11.024
1.381,-8.8981,3.0115,-38.668,22.898,80.803,-33.079
0.12086,0.9845,2.3975,13.051,-29.256,-10.807,-119.34
-9.2785,-2.6371,-0.28928,-53.762,53.863,6.0327,-31.962
6.5257,5.9885,3.0197,-79.097,45.958,76.024,-38.206
-8.0115,-6.3838,3.3866,-53.32,60.166,78.282,-65.88
