1.812,-9.2291,-2.6178,-46.29,21.615,69.61,-15.717
9.4488,-4.0483,2.5633,-9.9245,8.2751,35.57,-56.48
9.1246,-2.3979,2.2834,-11.016,7.1508,76.95,-127.83
-0.28325,7.8326,-1.7197,-22.058,1.4091,-10.85,-11.276
4.7717,-6.5211,-2.1423,17.654,-29.791,7.312,-111.99
-3.6727,-0.28541,3.9927,-81.217,-26.376,11.583,-120.92
6.9527,-4.3864,0.80026,-49.603,9.1931,-24.347,-62.707
-2.24,7.5379,3.916,-18.56,22.292,79.803,-92.38
-1.3008,3.8169,0.45141,-55.178,82.84,-26.145,-35.391
8.2487,-8.9604,-1.985,-27.474,79.308,25.675,-118.56
8.5306,8.295,2.0729,-43.688,-2.4326,53.166,-93.945
6.5626,5.7172,1.5636,-78.682,76.367,53.023,-31.435
-5.014,5.8452,-3.715,5.6627,41.761,-15.972,-116.04
7.2186,-3.3129,-0.97417,6.3089,-8.4982,79.412,-67.192
-6.2575,-2.5178,-2.8049,-47.368,-12.224,86.16,-112.37
9.0172,-1.3563,4.9788,-36.87,81.119,68.316,-119.21
-0.30879,-0.58579,1.0775,-29.458,69.499,51.22,-106.32
4.26,0.73267,-3.6892,-1.1412,2.138,-21.817,-100.79
2.9577,-5.0663,4.9203,-86.923,63.556,50.223,-80.839
1.5765,-5.8962,3.3354,-37.515,-12.617,-8.8387,-124.49
-6.5617,3.4096,0.74946,-25.725,12.008,10.285,-124.3
-1.862,-0.5391,-0.088621,19.501,6.9633,-28.115,-0.61278
-1.8283,8.9603,-3.7934,-22.54,62.151,-18.451,-86.654
5.0077,-7.2866,-0.77499,3.5256,-12.907,83.594,-114.76
-3.0495,8.8274,-3.7376,9.7039,-27.137,4.328,-120.2
-0.72427,-6.1337,-0.17475,12.042,18.41,77.675,-125.83
4.1639,5.0416,-4.4068,-32.462,-16.414,68.648,-123.89
3.6626,-5.3815,-1.2398,-80.679,74.703,-25.742,-39.331
0.79256,0.11602,-2.8218,-19.246,12.459,54.694,-68.762
7.6105,-4.092,1.3704,-79.457,34.117,4.8545,-14.503
-4.2821,-1.4187,2.3703,5.3343,58.487,8.9552,-94.197
-8.0788,4.4005,-0.49521,-47.923,53.116,53.622,-117.3
4.8899,-6.6715,4.185,-40.263,-11.49,-14.995,-103.15
-8.1403,9.7939,0.38865,-3.9874,3.8491,-9.4215,-76.481
-6.2475,-4.0585,-0.21625,-4.1017,15.232,80.028,-20.606
-3.2407,1.2367,-0.8405,-40.17,-21.899,31.509,-63.097
9.9679,1.5792,-1.3823,-31.863,76.187,11.262,-105.13
6.0722,1.1499,1.4683,-35.968,40.809,5.5369,-88.759
-7.9959,-7.419,4.8794,10.283,34.749,8.1359,-47.083
-6.3838,8.5817,2.4197,-31.204,35.979,49.926,-103.64
6.1765,-4.1409,4.5219,-88.025,64.495,86.54,-4.7487
9.2557,-7.8162,-1.5523,-45.158,65.786,27.574,-37.095
-6.439,-9.3265,2.0633,-33.55,78.501,51.667,-10.444
-0.82939,4.1479,-3.9691,-33.289,19.519,-5.724,-96.342
2.5414,-7.8945,4.388,1.4376,69.315,88.327,-119.08
-2.1443,-3.3273,-2.3171,-40.233,72.99,-0.087641,-1.2693
1.4685,-9.2092,0.64769,-61.083,-4.2834,79.828,-6.5539
8.928,3.8039,-1.6096,-18.42,-29.199,-13.402,-124.73
-1.9717,-9.4651,1.8297,-85.172,25.99,48.548,-19.324
9.4514,-9.5611,3.6997,-80.577,-7.9999,41.131,-82.781
2.4598,4.309,-4.2928,-3.9285,-19.788,83.451,-104.79
-1.9363,-0.68929,0.95762,18.069,82.51,9.1211,-92.582
6.043,7.328,0.97831,-85.167,40.883,42.233,-79.485
-5.0159,-2.2655,3.7549,-41.065,38.736,-20.539,-107.99
1.1131,0.74834,2.7386,-86.145,48.299,27.976,-103.57
-3.7269,2.1831,-4.6445,-33.014,54.031,-27.202,-80.396
-0.73753,1.1734,-0.68567,-79.525,-22.417,43.582,-9.3261
-6.406,8.6345,-3.4111,-69.938,13.098,33.057,-123.89
8.3615,9.3858,-2.3489,-44.623,50.286,0.17319,-124.3
-2.3415,0.275,-0.66439,-29.849,-22.127,49.891,-123.52
-3.0841,-1.6747,0.38102,-74.529,48.82,11.439,-127.55
6.9741,1.0282,-1.1037,-72.604,-15.221,-8.0727,-30.79
8.6524,0.056632,-0.058754,-44.476,-2.0382,53.054,-7.0671
-8.7604,-8.1194,2.1067,-8.1668,-26.743,68.593,-78.52
6.5593,8.0487,1.6122,-56.673,-8.5717,-28.814,-18.697
-6.8323,-2.5354,1.8096,11.957,53.492,35.008,-9.6554
7.3859,-6.3811,-0.2636,-81.581,42.818,47.74,-84.408
-7.3838,-6.6721,1.1994,-71.312,77.605,-13.905,-55.989
9.0411,8.2763,-3.5663,-65.717,51.464,-8.3452,-66.635
-8.441,9.8817,-4.6868,-57.424,4.6512,48.055,-69.142
-1.2626,-9.3033,1.6691,-72.321,2.3125,-11.034,-85.873
4.5685,8.5988,2.744,-64.96,-23.784,33.916,-59.154
8.4197,-9.2909,1.0995,-45.127,-15.562,9.8614,-46.759
-9.0397,-9.6318,2.4468,-12.712,-5.6612,64.754,-71.149
-5.3028,6.625,-2.1401,-9.4529,44.587,4.4504,-33.984
-2.3251,0.35869,3.5001,10.439,62.437,68.184,-40.611
-3.6738,-7.8389,-0.28556,0.84986,28.816,22.884,-111.7
2.1461,3.9108,3.7328,8.9386,37.759,29.975,-108.37
-2.3637,-3.835,2.7548,7.8859,3.5493,-24.228,-108.8
0.51259,-3.0421,1.8316,-25.526,2.9468,12.835,-90.693
-7.2792,-2.3358,3.7074,-41.618,83.355,77.237,-45.486
3.2437,-3.7715,1.0231,19.116,-29.084,-9.7315,-3.3793
6.5537,3.8585,3.0909,-83.466,-29.324,27.93,-41.659
-0.82227,-5.9204,0.59266,-73.749,82.783,32.649,-102.89
-9.3741,6.4085,4.5802,-77.536,-19.612,14.055,-78.72
9.704,-4.8019,0.49487,-84.997,39.712,83.846,-56.906
7.6093,-9.7162,-3.4888,-52.036,55.135,-6.4059,-78.604
4.2668,-2.5259,4.8001,-33.762,12.046,81.905,-126.69
-9.0667,6.2484,-2.7528,-50.756,-7.794,56.35,-20.121
-9.6797,2.7252,1.1608,-72.602,-27.679,82.338,-35.576
6.2461,8.398,-1.7218,-52.362,22.481,83.29,-2.2649
-5.5215,-0.30136,-3.7418,-44.429,61.034,54.641,-112.77
-4.3394,-4.9503,0.66014,-0.92113,27.734,14.123,-51.939
-0.88063,-5.2879,-3.0245,-85.279,16.934,-18.767,-2.7613
5.2811,5.8565,2.0478,17.015,44.927,-24.95,-4.283
9.2273,0.74321,-4.456,11.908,56.072,80.565,-27.29
7.0941,-5.4853,-4.7166,-49.971,15.92,75.612,-46.924
1.6563,-8.9908,-4.1343,-17.855,51.656,40.391,-4.1938
4.973,8.3543,-3.4081,13.39,27.221,77.83,-124.33
-6.7057,6.4153,4.6687,18.93,71.993,62.69,-97.504
4.1417,9.3223,1.274,9.1826,60.107,16.559,-56.878
0.010304,9.5889,4.4421,-27.739,52.841,86.333,-8.8875
-1.083,8.8597,-2.0114,-82.929,-3.4713,55.042,-82.344
-1.4093,3.5781,1.0069,-75.897,13.823,15.771,-98.067
-2.2434,-7.1791,-3.1957,-1.6538,18.041,84.1,-60.897
4.7172,4.4026,0.55419,-36.136,-2.2505,82.746,-110.19
9.6641,-1.1299,-4.1796,-50.337,39.982,62.73,-41.832
-3.6081,-0.47814,-2.4859,-41.491,77.756,68.578,-30.6
2.6143,4.0277,0.90281,-44.818,79.768,10.09,-81.48
-5.9106,4.7676,4.3443,-67.654,59.289,9.9615,-95.781
-2.7243,-6.7444,4.3573,-70.394,14.897,-2.2217,-19.073
8.5597,-5.3081,-2.2828,-24.612,38.992,20.944,-40.181
-6.6652,0.79984,-4.0368,17.058,-19.058,43.759,-26.706
-1.2542,-9.5615,0.091681,-51.272,77.669,80.131,-40.913
-0.13592,-3.1554,1.8452,6.2924,38.719,27.516,-110.4
8.0629,-3.5538,4.499,4.0824,74.879,-7.5123,-58.8
1.4765,-4.6462,3.5098,9.8753,12.904,0.16629,-87.301
-2.8515,-5.99,-1.8496,-33.365,79.439,-4.0724,-70.41
1.4087,-3.0091,-4.1881,-69.239,75.582,9.6408,-35.019
-5.6669,3.9426,-4.5844,-64.72,79.687,40.233,-75.201
-1.3087,6.7051,3.9025,-28.705,-7.4353,-24.013,-122.83
-5.2492,9.0997,0.71204,-35.491,74.016,60.379,-19.069
0.53232,1.344,-1.2632,-60.59,48.082,73.524,-97.757
9.5246,0.040665,4.0086,-11.719,52.814,-26.643,-105.08
9.6202,-5.8011,3.724,-73.74,0.67245,-23.366,-22.65
8.1219,-4.5219,-3.0769,2.3613,-10.573,11.754,-11.154
0.59432,8.729,3.3444,-54.128,-20.82,1.4992,-13.671
-6.6536,-4.997,0.13771,-25.892,-29.791,-8.4605,-19.087
-3.7774,-4.5891,-3.7069,-82.263,52.525,77.807,-18.073
-3.1455,-9.2039,-2.7825,-60.809,74.006,77.658,-123.54
-5.6395,9.0717,3.273,-67.754,-19.491,-6.4091,-114.41
-2.3868,-1.5641,0.82224,8.7231,43.257,-29.347,-107.41
5.9993,7.5821,1.3353,-44.945,70.181,28.909,-38.94
6.6484,9.1781,4.6856,-6.141,35.565,-1.0994,-77.415
8.0363,-1.8405,2.8222,-43.939,60.234,73.311,-82.244
-6.0328,9.8187,-0.29789,-74.283,-16.98,41.416,-5.18
7.8899,-7.3785,-1.8836,-39.032,63.452,46.081,-17.297
7.9244,-1.357,-1.799,-25.151,-8.5156,80.432,-5.6648
-4.1839,1.7996,0.40393,-66.147,66.521,-27.946,-31.629
-9.2713,4.6422,-1.2441,-27.241,26.642,-6.8713,-50.674
5.1967,-3.4913,1.0643,-89.02,-16.453,-19.076,-102.27
4.7288,0.13518,-0.3208,-67.505,51.218,15.622,-95.879
-6.1688,0.80042,-2.0995,4.9764,12.466,31.844,-124.21
-2.7664,1.429,-3.6512,-83.369,16.154,-6.6031,-110.74
6.2955,6.3497,3.4433,-89.963,28.652,23.419,-103.25
6.715,8.4439,-4.4038,-60.823,5.1885,52.503,-67.279
-3.7052,-8.5187,3.3199,-56.778,57.669,0.15616,-33.154
-4.097,-0.28418,-3.3403,-15.698,54.557,79.709,-94.877
-5.5205,-4.7568,2.5074,-85.872,66.823,39.898,-2.8303
8.8514,8.4076,4.7613,-80.164,45.882,73.102,-129.05
-7.3908,6.6123,-4.898,-70.387,10.641,56.197,-3.2463
-1.4934,2.671,-1.3515,-34.733,-24.777,47.044,-64.702
6.2369,-0.77819,3.735,-23.311,34.602,-27.907,-57.37
4.1199,-8.5003,0.95144,-3.4682,-21.395,51.731,-78.445
-8.8334,-3.9248,2.3534,-23.134,-1.5701,2.061,-75.018
3.0312,5.0414,-2.1697,-13.962,-24.964,37.079,-26.801
-8.0363,-4.7492,-2.6637,-80.685,-21.785,60.927,-28.526
-7.7831,-6.4864,0.12631,10.368,6.5796,20.458,-49.402
0.65072,3.6518,2.1771,6.4358,60.097,84.118,-126.09
-5.547,1.9331,1.0538,-51.011,64.22,27.189,-37.829
-9.4689,-2.3423,4.2209,-44.392,-29.968,6.9405,-58.218
-7.5723,8.7529,2.6681,-49.322,42.445,8.6099,-62.004
-5.5337,-6.4222,4.0214,-59.794,36.924,42.241,-103.66
0.92536,5.8496,4.6878,10.728,62.459,22.125,-35.01
-4.6982,2.5032,-1.5636,-5.3044,49.008,3.705,-28.825
2.9436,-3.8226,-3.5553,-54.159,56.593,21.059,-76.023
8.2575,0.044063,1.928,12.149,70.302,80.077,-104.86
-3.5843,4.6619,-2.5408,19.427,73.73,77.131,-34.214
3.4117,0.65142,-0.52419,-89.243,66.551,47.139,-41.192
5.9685,0.79813,-4.8774,-14.027,-9.4255,0.29797,-70.611
-6.5029,-9.6971,2.9049,-10.93,41.236,34.071,-23.659
9.8893,-9.0353,3.7551,-84.479,82.809,52.922,-28.764
-4.6413,-9.4289,-0.86585,-28.203,82.766,23.846,-3.4901
0.92399,-4.5676,-1.4546,17.102,45.65,59.587,-30.155
8.4974,3.0256,-1.0666,-16.984,60.571,54.869,-106.66
5.1621,-7.3343,-2.4333,-72.115,-18.787,58.481,-113.38
6.478,-1.535,3.4987,-53.27,13.504,39.274,-59.695
1.8644,-8.3,-0.71416,-81.987,86.709,-0.14294,-26.659
1.4666,7.1006,-3.7106,5.8285,-29.377,2.7629,-104.37
7.1277,4.7469,0.91395,-2.0747,-15.707,-6.3727,-32.463
-2.8509,-4.4465,0.11841,-78.243,54.439,-16.229,-128.06
3.6744,0.777,3.7281,-40.176,5.7374,70.666,-90.545
2.3301,-8.6617,-0.77367,-61.717,32.515,-17.735,-42.98
9.7119,-8.8854,1.6898,-35.517,12.54,79.626,-16.023
-5.4733,2.8467,-3.9044,-39.628,-18.852,-20.675,-125.83
-0.30841,0.54589,-3.8721,-50.848,-22.837,-29.629,-29.361
-1.8727,3.1993,-4.5744,-81.886,44.078,67.743,-40.533
-0.23703,-6.6126,-0.46552,-30.447,-20.494,19.15,-4.9649
-8.9853,9.0193,4.1206,-77.792,46.728,70.467,-16.431
-5.441,9.392,-2.6222,2.2781,15.052,66.935,-26.391
8.2832,-9.2105,-3.7326,9.8349,14.495,21.461,-19.863
-7.6085,-0.94718,4.2813,-27.027,-10.508,22.282,-24.945
3.2491,-7.3575,3.0354,-70.237,3.1442,84.893,-62.695
-0.20762,-3.8633,-2.9529,-14.599,11.399,-15.461,-39.044
9.4628,-7.882,-2.3072,-27.812,76.634,87.452,-18.238
-5.2819,1.5252,3.7313,-63.513,23.058,81.534,-79.067
9.7426,-1.7521,-1.8872,-81.981,18.776,65.6,-0.34006
-5.9747,1.0686,-3.6721,-41.173,-18.125,72.377,-72.954
8.7118,0.51342,-0.53093,-1.8716,14.129,-8.6947,-108.13
2.2899,-8.5449,-0.79845,-14.94,-15.919,-23.913,-47.444
-6.8978,1.104,4.5619,-15.255,26.655,47.114,-2.6424
7.9057,-4.618,-4.9914,-7.2194,66.651,-13.904,-12.309
-6.7183,9.1883,-1.6863,-67.339,77.041,46.383,-99.854
-0.087356,-6.3561,4.2744,-56.267,-2.2542,89.194,-13.031
9.5291,-7.7515,4.7649,-19.85,-16.191,87.978,-16.283
-9.5564,9.3747,2.2779,-29.159,-2.506,51.829,-63.569
1.9355,9.8486,-2.9951,-85.653,68.144,15.224,-94.692
5.5363,-1.9692,-3.6559,17.858,-22.553,20.253,-116.16
-6.6787,4.5986,0.3313,-81.068,44.2,17.483,-123.66
9.5879,7.0109,-1.1261,-52.36,62.079,-5.8103,-46.028
-6.2627,-2.8521,0.03219,-24.631,14.405,59.507,-58.309
-8.4137,7.5271,-4.3683,-2.341,34.701,26.866,-77.518
-6.5371,-9.1955,0.65358,-21.922,3.8612,-18.365,-9.3403
-8.4434,3.4365,0.53312,-73.29,0.82027,60.785,-123.05
-3.1876,-1.5118,2.5284,-24.223,-12.512,40.432,-59.922
-9.6313,-4.926,-4.0301,-72.465,8.4244,13.273,-6.9744
-2.4065,9.4859,2.2296,-81.868,47.215,-19.527,-28.387
1.7125,-3.0151,-2.1526,-66.698,52.043,67.086,-40.432
0.48958,-6.0678,4.7844,-76.066,20.536,64.734,-70.492
-5.8815,-3.8601,2.4816,-39.34,10.638,31.788,-118.59
-0.29644,4.6583,3.6377,-25.683,71.33,73.317,-28.724
8.9286,8.1149,3.1194,15.346,24.422,65,-32.542
-4.026,5.9336,4.9885,-52.627,74.459,86.151,-48.93
9.6514,3.9702,2.1214,7.8457,36.672,-21.228,-75.694
1.2798,-2.383,-2.9457,-52.688,68.728,-4.3466,-29.695
-8.3052,5.6226,2.4453,-2.1289,34.914,-4.0353,-74.027
3.1775,-6.3358,3.5501,-0.40223,52.555,79.919,-74.95
5.7891,7.6767,-0.31102,-24.289,55.167,17.046,-39.942
-4.5125,9.7677,2.4087,-22.287,-21.534,-25.882,-118.47
8.0004,6.5038,1.6002,-19.271,64.892,-21.007,-115.22
5.3478,-0.45974,-4.253,11.006,22.255,16.41,-46.178
-5.3398,-9.2363,1.1243,-17.28,-16.84,72.745,-120.29
8.781,-4,-0.014796,9.0933,48.568,-7.3322,-51.638
0.54868,5.0881,0.22411,-26.508,6.8868,65.548,-111.08
6.4502,-9.932,1.0387,-20.204,11.592,39.987,-74.421
-6.66,7.7715,-1.3073,-56.486,-10.854,38.502,-103.09
9.2576,-4.0603,4.0721,-69.162,77.402,41.662,-12.439
-1.8147,9.9662,1.3915,-21.935,-15.435,62.583,-114.24
2.7777,3.9276,1.0161,-63.126,-16.893,-21.463,-33.808
-9.595,7.4612,-0.88005,-15.798,80.839,-23.86,-95.939
-8.3295,-3.0926,4.0554,-85.493,53.808,75.812,-37.199
-3.4821,-0.7436,-3.8761,-6.5216,-22.516,75.298,-95.362
-2.3919,-6.7435,1.7111,-57.054,19.402,9.6378,-72.272
-8.4845,-8.2638,1.8806,-44.855,35.725,15.117,-50.925
-3.4325,5.2094,-2.8081,-69.746,86.965,-19.935,-84.788
2.3808,-6.8733,2.1614,-38.662,-15.585,63.877,-98.009
9.3164,-5.4493,-2.0352,-22.454,21.662,87.2,-81.669
1.4287,-3.4436,-4.6192,-46.541,69.557,32.584,-32.133
9.8224,-7.4188,-4.5584,-4.0067,-11.921,-30.043,-90.116
-0.09405,1.5884,-1.4989,-18.186,50.355,11.203,-76.796
7.4532,-3.3243,-3.5613,-80.887,69.134,-29.107,-85.762
2.524,-8.7466,1.7229,-70.276,52.743,76.57,-107.63
-2.8658,-0.6043,1.0229,-70.555,55.205,68.529,-127.45
-6.2508,7.1042,-1.797,-9.2925,77.526,47.774,-67.181
-8.6135,-7.5619,-0.72329,-21.078,56.24,8.3599,-54.347
-9.3614,-8.626,-0.24961,-71.427,16.8,14.396,-30.878
6.1118,1.1137,0.41845,19.762,6.5489,0.47305,-75.248
5.7841,8.6335,-0.53219,-57.119,-20.241,84.906,-96.794
7.9548,8.9431,-3.8409,7.0681,60.61,3.3542,-73.43
-9.4838,-4.8841,1.7381,-28.303,23.866,12.757,-107.38
0.54607,5.7038,-4.6238,-69.619,6.7527,56.783,-32.837
9.6765,-4.687,-4.4823,-88.153,68.582,-3.0678,-73.613
9.2185,-3.9302,-0.77854,-16.051,19.42,14.096,-52.588
9.6279,8.8106,-3.775,-49.997,21.395,56.374,-62.414
6.5216,-4.0032,-1.0563,16.95,1.6445,-0.78077,-62.039
6.4242,-5.7014,-3.4745,18.053,51.031,-0.14808,-39.674
1.133,-3.0556,1.5886,-78.08,-5.5415,-25.769,-90.965
-0.96924,-9.4073,-1.4437,-1.2922,-12.629,-25.111,-39.131
-4.3234,7.225,-1.5155,-23.206,-5.4149,86.012,-44.691
-8.2895,1.8398,-4.8472,-63.324,69.368,-7.8501,-31.907
-9.622,-4.3659,3.4027,-37.27,0.69981,87.517,-108.15
-5.5922,5.0606,-3.9746,-66.046,84.369,70.857,-96.109
-4.7714,1.1933,0.44579,-75.487,49.525,-3.4092,-54.492
-2.5957,-0.89052,2.0387,-29.213,34.278,-18.685,-101.73
-0.43408,-8.9041,-2.6124,-78.412,67.442,50.228,-120.76
7.5042,2.2651,-1.6606,-51.372,37.662,43.803,-57.686
4.707,-3.9899,1.2213,-17.756,31.998,63.327,-27.39
-3.9838,8.8136,3.0925,-57.817,-10.979,16.447,-72.951
-5.5212,-2.1958,-3.9955,-56.598,56.146,17.454,-93.177
-6.4671,-5.2886,2.7418,-16.711,-26.534,-25.634,-38.475
4.5349,6.875,-0.54625,-17.782,-5.5143,76.089,-97.906
0.39945,4.4359,4.3771,-33.824,61.978,15.178,-96.867
-5.6113,7.7082,-0.55791,-55.828,61.323,69.898,-39.33
4.4377,-6.5327,1.6388,-45.404,-14.307,85.413,-116.49
-4.082,-2.1669,3.4105,-78.769,49.323,58.212,-65.33
0.48529,8.4471,-4.1717,-69.279,30.636,26.092,-58.908
-2.3623,-7.7138,-0.89798,-76.487,-0.53207,39.767,-26.84
3.9417,-3.5838,0.60264,-57.429,22.655,25.635,-3.3698
-5.2339,-3.1146,-3.4227,-64.863,-23.957,48.959,-45.424
-8.0744,-2.4357,2.1321,-42.603,-7.5216,24.434,-102.11
-7.1061,9.8936,3.4061,19.453,83.93,-2.9178,-15.824
9.3482,-5.1191,-4.0403,-18.474,8.6792,61.379,-70.517
-5.9457,6.8324,-2.9768,-54.959,4.332,27.277,-18.263
6.2278,0.73161,-4.5516,-69.745,83.04,-24.036,-98.683
6.6842,7.1616,-2.8446,-66.413,46.994,45.93,-42.58
5.6818,-0.38092,3.9787,-6.6764,4.3188,56.899,-122.73
3.9275,5.1486,-4.8256,-47.414,-5.5371,77.508,-78.566
-9.2469,5.3852,4.0102,-49.998,80.45,42.182,-13.866
5.3145,5.8221,-4.1743,-21.366,-9.6684,39.776,-16.578
3.9483,8.6677,1.6934,-13.128,-5.7819,52.782,-108.32
-5.2689,6.7241,-2.073,-31.461,-7.9864,31.52,-127.05
4.5618,9.4057,1.785,-11.191,-1.6277,86.214,-47.431
0.23442,-3.3583,0.25432,-2.6624,78.487,42.614,-25.377
4.0832,8.1955,-4.6445,-66.6,68.705,57.346,-28.014
-3.3447,-9.8478,-0.80639,-63.607,71.746,44.794,-84.651
1.1083,-6.3209,-0.70726,-3.6886,83.347,10.496,-102.93
2.1191,5.2963,1.9525,-31.363,-14.024,47.596,-74.12
-5.6004,4.7855,3.2318,-27.227,62.029,7.5475,-77.243
2.6252,0.85945,2.3745,-76.798,80.838,-7.9351,-18.971
8.6726,-0.94708,-1.7837,-67.058,19.818,33.745,-9.4557
1.5286,-2.3285,-2.3081,-68.674,25.822,16.448,-114.31
4.8049,-0.17308,-1.2614,-37.677,60.76,45.192,-27.465
9.9067,0.87174,3.3392,13.337,-16.58,79.046,-88.958
8.1277,2.6079,1.373,-66.543,29.635,81.546,-12.16
0.58783,-3.6437,0.95935,-56.019,-10.534,1.194,-125.97
3.9513,7.8245,-2.4559,-20.956,20.436,-23.398,-74.493
-3.3659,2.5554,0.47929,-32.055,15.728,85.371,-5.8001
7.6861,-1.2741,-0.85095,-18.052,6.2215,70.921,-82.395
-1.7003,4.8792,-1.7675,-55.477,-1.6293,44.864,-87.328
9.2354,7.8312,2.8446,-41.05,0.42023,-15.556,-127.81
-8.8059,-7.8177,1.3321,-41.683,73.816,77.419,-31.529
8.5591,2.6058,4.3943,-81.906,-20.839,31.123,-121.16
4.0958,1.1029,-0.20979,-83.608,40.23,49.112,-83.974
2.337,-8.6166,-3.7375,-22.997,84.455,49.694,-86.972
3.5866,0.43268,3.1817,-36.954,1.6293,85.277,-2.0518
-6.973,7.94,4.8134,-45.943,70.969,40.444,-124.46
5.5141,-4.4444,-4.8624,-86.224,47.261,26.214,-37.138
4.8761,9.8036,-4.3448,-72.448,-17.794,35.856,-104.68
-5.4117,-6.2387,-4.6021,-59.89,83.503,18.019,-65.879
7.2591,-4.8859,4.6418,-58.231,4.1593,27.444,-15.18
-6.4818,9.225,3.1856,-46.885,25.772,47.333,-121.47
-8.8538,-7.0759,2.3512,-82.344,32.923,56.275,-29.373
8.0125,9.5914,1.8736,-86.595,80.512,-2.2488,-88.848
8.0147,-1.898,-0.51107,-4.5925,3.1341,25.213,-128.15
9.5951,5.354,-0.15326,-51.397,69.596,57.258,-80.46
0.026168,9.8296,-3.1876,-82.054,50.027,61.562,-114.34
8.1064,-3.5251,3.8187,-35.359,45.714,63.111,-85.345
2.1577,-9.3651,2.4235,3.6286,71.892,-2.4035,-53.123
-1.6561,3.6382,4.2837,-40.176,-1.8469,11.649,-27.599
-3.6743,9.6066,-3.6335,-27.466,62.002,16.403,-25.823
-1.4581,2.7525,1.816,-74.869,-27.219,-0.50049,-73.759
3.9229,-7.7613,2.9749,-70.473,33.866,-27.199,-31.494
-9.8232,4.1302,-1.6329,-73.581,-22.019,77.701,-110.08
7.8999,-3.578,-3.4742,12.985,32.305,70.14,-112.06
-8.6341,-6.4197,-3.0126,-6.2815,74.987,-28.77,-38.052
-4.07,6.6657,3.9822,17.975,37.831,32.634,-12.311
0.95047,-8.9247,-4.0327,11.602,29.313,-24.888,-105.31
5.2132,-1.2519,-4.4694,-15.203,-25.669,52.241,-48.018
7.5171,9.0498,-3.5618,-54.219,-6.1323,20.443,-110.34
-8.3644,-9.7814,-4.6694,-15.822,56.752,-21.121,-18.84
9.2329,-9.1895,2.8682,15.22,84.239,3.5835,-127.33
2.632,6.9293,-1.9275,-41.919,29.18,28.192,-36.815
7.815,-5.4364,-1.9905,-36.567,9.7321,-13.796,-94.832
-0.4755,5.0654,-1.5898,-39.918,82.49,-1.1535,-99.852
8.0606,-0.59521,-2.0581,-8.9771,32.176,-3.1228,-18.913
4.7664,-4.5994,-0.11021,-28.02,5.5019,42.197,-65.473
1.4071,-2.7913,-3.2414,19.968,31.159,-22.586,-99.937
6.6354,8.0668,4.3169,-76.836,21.805,-10.582,-4.6193
7.3797,-5.8305,2.4596,0.51309,-8.15,86.719,-112.85
-8.2576,-9.5933,0.79031,-9.2143,-18.542,65.235,-125.82
-5.0544,-6.364,3.3817,-16.108,60.412,-4.5101,-106.84
-0.74453,1.5348,0.069468,-9.2861,-21.312,6.0325,-125.68
-8.9387,4.1053,1.8614,-81.644,31.299,-26.045,-116.11
0.48884,-0.038708,-0.68637,15.126,79.368,38.459,-72.746
-9.4571,-6.4488,-3.2481,-30.157,12.456,69.403,-114.96
3.1335,-0.7773,2.7577,-23.778,1.8404,-23.009,-37.866
5.3988,-6.4765,2.4472,-22.581,16.927,18.355,-80.956
2.0038,-5.9331,4.7371,-26.046,69.67,-22.049,-16.053
0.52436,0.33281,4.1388,-28.732,28.458,-19.628,-54.275
-1.8246,0.072706,0.86964,-88.187,14.833,3.4746,-1.1909
-8.1911,-0.12938,4.2906,-67.2,61.576,37.135,-2.8857
3.8727,5.0175,-1.5221,-12.053,73.655,84.121,-30.275
-7.1486,5.9367,-4.4234,-29.879,12.979,-27.395,-12.735
7.7029,6.487,-2.3932,-52.578,-4.9817,-27.22,-121.78
-0.046431,-4.1765,2.9985,-34.948,28.52,3.116,-2.2286
-0.17671,-8.4683,4.8884,-54.758,-3.3349,76.492,-14.307
0.36022,2.2394,-1.0956,-60.967,34.309,-7.1883,-86.645
6.1772,4.8952,-1.1146,-74.843,14.359,53.141,-63.362
3.7075,1.0396,1.4813,-8.5761,-15.493,41.027,-91.546
1.5921,0.81244,4.455,-42.659,36.762,81.238,-57.23
7.251,-2.9443,-0.19835,6.7106,75.1,69.762,-94.261
3.7316,9.417,3.8017,-52.475,19.588,37.589,-90.667
7.0586,7.699,4.3409,-37.515,75.464,27.493,-36.546
9.9981,-4.0558,4.9538,18.168,-14.539,68.657,-38.968
8.223,4.3622,1.3153,-1.658,81.493,15.319,-65.565
-4.5324,-5.2759,-3.9666,-89.92,-29.484,25.663,-62.637
7.0499,1.4887,1.6075,-50.025,48.806,13.03,-64.123
-2.021,8.8281,1.5046,-25.848,22.747,35.462,-99.97
0.92525,-7.6619,-2.5038,14.338,-28.989,79.385,-17.313
8.4337,8.3661,0.65002,-55.447,-6.8256,44.95,-34.795
-1.9302,-4.7015,-2.894,13.427,-21.794,42.905,-62.705
0.15564,9.1239,-0.59234,19.252,43.093,85.231,-26.236
-8.7266,6.3179,2.8405,-73.555,34.765,81.823,-30.639
1.2383,-2.6165,1.1559,19.453,2.3508,1.3385,-97.228
-6.6665,-3.4969,4.2229,-24.172,-7.2397,23.836,-68.215
-6.6812,0.5756,-4.4916,-11.996,39.691,64.067,-127.06
-9.6753,1.3822,-1.8487,-29.076,66.445,-23.61,-6.6901
-5.6118,-5.221,2.5752,-54.578,47.707,44.377,-47.606
2.6997,-5.8035,-4.0149,-45.33,-8.2159,-23.795,-86.294
-0.97567,-4.6788,-3.4913,12.493,53.822,32.477,-59.631
-8.4789,-3.7806,-2.7464,-19.067,27.324,29.945,-72.078
4.7765,-0.51698,-2.1517,-7.3482,2.5479,42.333,-106.34
-4.1942,6.9586,-1.2621,-10.122,71.591,-19.025,-13.22
2.2601,-8.761,-3.2193,-77.196,74.969,71.661,-111.44
0.52055,6.7525,-1.8912,-9.0819,64.285,30.781,-107.82
-9.686,8.9067,3.0382,-3.5709,-13.868,55.398,-7.0134
3.5069,-8.6415,1.7047,3.1031,50.648,37.295,-122.65
6.0349,-9.702,-0.40555,-46.022,6.6627,-24.99,-22.065
1.1295,-2.3088,3.3174,-27.698,-18.67,54.8,-80.418
-3.1588,2.5287,3.8781,-28.441,40.781,13.085,-39.321
2.6443,-2.8139,3.6683,1.027,-6.5625,-17.208,-56.305
6.8681,-2.4469,3.9972,-47.725,64.93,49.936,-67.559
4.0548,6.0751,-1.6427,-39.219,53.404,-29.171,-12.87
4.6802,9.0214,-2.0997,5.9016,10.396,51.256,-57.479
-6.4564,1.003,4.7528,-70.809,46.017,5.3924,-84.712
-2.138,-6.8096,4.0868,-21.022,45.262,76.581,-95.589
4.7737,2.554,-2.1818,10.442,24.741,41.563,-77.339
-0.96016,-7.7292,2.9299,-41.857,14.761,28.769,-92.402
-0.24974,-6.1846,-1.5906,-5.5481,29.264,-11.721,-89.308
9.7122,-0.72483,-1.9744,10.823,1.0387,55.444,-129.54
9.192,9.6218,-3.0131,19.404,2.5053,25.658,-77.921
-2.7697,5.4814,4.8501,6.6341,22.842,-10.44,-108.3
-7.585,2.5757,4.4278,-44.851,65.018,58.854,-61.174
1.4724,7.648,-1.6679,-84.054,30.269,-12.178,-79.147
6.9189,-3.6279,-4.8899,-72.509,12.37,66.881,-32.572
5.7818,1.7573,-4.3057,8.4937,6.1703,86.516,-24.03
-2.4431,7.4611,1.511,-19.663,-28.111,81.462,-46.142
5.7634,3.299,3.1895,-71.888,-27.28,3.7502,-45.158
-0.20657,-7.2814,3.0444,-15.039,-4.2404,78.597,-106.27
7.3223,-7.1146,4.1953,-10.449,72.996,5.8359,-117.46
5.3237,-8.8537,-2.1984,-46.498,-3.7712,49.868,-118.1
7.0324,9.8736,-4.5016,-60.415,58.881,53.075,-30.344
-3.1867,-9.2398,4.7959,-24.803,47.186,76.205,-96.009
5.4492,-8.8579,0.50574,-65.629,55.815,27.355,-86.553
0.69385,-8.5487,4.7232,12.626,-12.669,22.024,-63.407
-4.5358,-2.266,0.079025,-56.246,28.973,53.888,-39.683
8.4047,8.312,-0.0076386,-46.229,74.546,1.6063,-16.568
-8.4561,-5.4912,-2.3495,-82.172,5.7613,42.534,-129
2.894,-4.6879,-2.5115,-66.9,-19.329,88.494,-87.627
3.5947,-7.673,-2.6933,-36.972,58.306,-23.262,-30.967
-8.4723,-3.7607,-1.6617,-79.256,54.028,42.315,-77.415
6.835,-9.0055,-1.0127,-38.097,54.449,1.0379,-123.76
2.3551,1.5579,-0.81062,-1.3684,27.331,-1.392,-22.381
7.1551,-1.5928,-0.68565,18.428,45.871,73.537,-15.598
0.11929,3.0488,2.9775,-27.278,-16.477,47.12,-47.97
-1.8188,1.4465,-3.9921,-85.285,-10.496,56.937,-49.499
0.37534,-9.5726,0.46221,-60.755,70.325,81.309,-70.24
-1.7006,-6.4982,3.4072,9.3207,-11.938,33.252,-106.83
2.2921,-1.6226,-2.2765,16.804,12.855,50.016,-59.595
-9.9156,6.7726,0.2838,-1.3783,10.08,33.226,-105
-3.0793,2.2609,-1.9756,-70.526,45.629,-7.8906,-84.262
-0.80042,7.0549,2.2741,-28.247,11.665,-5.1613,-63.298
4.5928,0.78594,4.9876,4.4017,52.526,9.3001,-71.024
9.5029,-4.6625,-3.7781,-72.389,62.389,34.306,-13.147
2.5298,-4.824,-2.0776,-55.874,35.154,-7.0513,-107.21
-3.5396,-8.804,-4.5541,-0.10644,-14.269,0.80055,-11.47
-4.6301,-2.6638,0.67668,-31.405,18.026,-23.579,-19.62
-7.1473,6.0261,-3.8258,-37.735,43.563,36.192,-77.119
-2.1738,-4.6737,-1.6937,-15.38,10.718,67.595,-58.498
-9.0277,0.18743,-1.8593,-57.089,14.044,-9.6269,-100.63
-1.9806,5.2606,-2.4847,12.219,22.299,-10.012,-41.319
2.6146,-7.092,1.2718,-80.625,26.731,-4.2354,-7.4702
6.4825,0.51448,4.4949,-57.485,55.602,21.127,-2.8816
3.7771,-7.2958,1.2335,-50.206,13.618,24.702,-56.929
3.4616,-9.8393,-1.4412,0.6515,42.4,29.244,-100.24
2.245,-5.5202,1.8269,-73.035,44.651,50.161,-92.6
9.9352,0.88014,2.0345,9.4215,72.951,57.786,-43.525
9.9162,-8.8938,-4.1093,-2.9274,24.972,74.988,-100.43
5.4985,-8.7919,-0.083115,-42.347,64.924,67.635,-75.991
2.3179,6.7507,0.0053077,-33.721,-20.615,-10.744,-73.224
-2.1829,8.0605,3.3523,-67.025,-2.8732,53.79,-64.987
7.7986,-5.6656,-2.4739,-11.953,84.087,-1.663,-125.12
7.8666,5.8922,0.18869,-10.109,-12.469,8.4355,-54.337
0.81538,5.7395,2.3401,2.9857,-11.987,4.7221,-15.265
6.6546,2.9561,-1.1831,-71.22,8.6864,61.512,-55.146
-2.9838,-9.0874,1.9541,-20.097,-3.4104,20.63,-59.027
-5.9589,-0.015176,1.8155,-24.207,17.367,-2.4377,-41.652
-0.46274,-1.3324,-0.77894,-53.682,65.686,-6.028,-10.848
1.668,4.5674,-2.7445,-47.281,21.635,69.842,-10.719
2.8139,8.9703,0.80398,13.999,25.974,-16.776,-121.03
7.7445,1.8823,3.7525,-21.644,66.193,88.774,-3.7311
-5.1418,5.8033,-2.8372,-80.451,60.406,29.277,-125.55
1.8658,-1.2181,4.5461,-40.31,15.676,-10.27,-28.913
-5.4864,0.53723,4.3542,-41.303,0.064919,65.543,-1.9735
8.3868,1.6871,-3.434,-3.1171,-10.411,57.727,-30.717
4.787,3.2783,2.8135,-70.579,60.686,-3.719,-80.404
-2.5782,2.5639,-0.5841,-7.1904,48.763,63.424,-96.895
0.80814,-1.5326,2.5251,13.137,55.619,-12.347,-21.988
-5.1026,-6.944,3.9567,-52.886,25.295,83.199,-4.6281
-2.7663,-5.3356,3.1099,-13.502,-3.4958,-7.7065,-109.05
8.6197,-7.8161,-1.9628,-14.292,-2.9409,-27.786,-54.094
1.0116,8.4362,0.1008,-68.575,-24.591,55.205,-5.2197
-8.5009,1.4608,1.5,-32.935,12.821,-21.601,-21.685
-0.67326,-5.7871,1.7563,12.826,9.7383,59.037,-59.175
4.8262,-3.9073,-1.8389,-20.585,24.695,83.524,-3.8831
-5.3718,4.1422,-1.0196,-3.9592,34.596,28.826,-108.24
8.0133,-5.0157,-0.036722,-85.296,62.16,89.932,-117.75
5.4549,5.8244,-3.3593,-42.842,-9.6097,36.061,-73.627
2.6328,5.0955,2.4309,-21.295,46.954,37.236,-80.364
-3.4882,0.51167,-2.4575,-0.27273,61.976,79.727,-95.448
1.2629,5.0475,1.2379,-9.4115,47.599,80.841,-119.17
8.2422,-8.8812,2.1944,-73.43,73,-17.03,-70.912
-8.9336,-4.286,-4.2383,-35.409,62.651,-13.018,-51.917
2.6496,-4.8807,-3.1826,-88.553,6.8817,-1.2152,-16.44
0.15324,8.9897,0.56546,-28.299,28.735,6,-106.62
4.5236,-3.6516,0.93277,-18.899,-14.298,-26.412,-77.655
-0.9724,8.5593,-3.9282,-79.873,62.065,61.771,-66.895
4.524,0.9817,-4.6933,-46.772,-19.774,56.316,-14.911
-4.7226,-6.0659,0.20868,14.984,16.83,63.931,-116.17
7.5046,7.8515,1.6472,-89.731,31.304,38.417,-12.648
-8.0256,-1.3281,-2.5371,9.5759,-16.716,-22.392,-66.558
6.9813,-0.94898,-4.5259,-87.4,32.655,-19.614,-90.086
7.3686,-6.8348,1.3835,-52.293,-20.744,29.704,-51.554
-7.4302,8.7195,-3.7302,-75.245,45.435,19.3,-125.29
7.0555,-1.6148,-3.4746,16.104,51.456,31.986,-70.97
2.7505,5.3218,-3.8705,-51.347,59.991,45.418,-50.845
-8.9863,-9.6606,1.355,16.929,12.812,-1.0496,-100.42
-6.5833,8.2876,0.79357,-57.243,64.831,-16.942,-54.333
0.29777,-4.0376,-2.4298,-3.0081,60.462,-0.19353,-57.303
6.5418,-7.3559,-1.6108,-60.191,43.609,24.553,-32.81
1.6129,0.29088,1.9234,-69.675,78.676,48.901,-48.464
3.825,-3.2299,-1.6229,-8.4801,70.737,89.743,-49.018
4.2636,-5.7285,2.3646,-78.667,65.889,35.39,-123.3
4.5507,3.7238,0.24521,-62.853,16.219,36.846,-113.48
6.6809,-3.4982,0.46218,-51.447,54.752,51.949,-119.47
-0.83135,-8.3932,1.1764,1.3326,24.212,28.909,-119.52
-8.2975,2.076,-4.9362,-25.371,21.683,15.812,-114.23
-5.5604,-0.82784,-1.483,-60.22,41.43,12.299,-120.27
9.7655,7.8851,-2.1084,-72.195,63.132,-17.716,-81.399
2.14,-6.3736,-2.0466,-6.2724,28.048,89.682,-37.771
-7.6368,-2.6129,-1.7593,-5.2611,45.136,1.4352,-97.352
1.5968,1.5784,-3.7499,-16.11,-1.4017,18.857,-84.924
1.1526,5.9852,-3.3518,-56.143,-2.2835,12.484,-53.87
9.5383,-4.9234,-1.8571,-72.882,61.61,19.895,-42.379
-0.74084,6.8159,-0.27614,-56.137,10.829,-17.918,-60.08
6.2221,-8.0095,-4.992,-47.125,11.478,47.671,-121.52
5.2209,9.6164,-3.7742,-15.08,-7.3537,67.997,-24.343
8.5458,-2.9224,-4.9292,-66.101,-12.356,31.973,-3.4422
-7.3773,7.7423,2.1069,-43.183,39.374,33.999,-81.346
-9.7479,-7.2111,-4.2189,-84.352,-1.9731,64.811,-124.69
-3.8662,2.0333,4.776,2.9173,-12.66,87.727,-87.665
-0.6876,-3.5149,-0.21445,4.9954,11.839,51.347,-34.876
7.0271,-4.2766,2.4369,3.9581,43.848,85.681,-95.323
-3.7555,1.8991,-2.6747,11.848,23.418,16.123,-85.123
7.1932,-3.5528,2.8633,-85.537,75.532,13.541,-82.786
1.4872,1.0319,-1.1824,-47.873,-8.971,62.724,-87.432
-5.5968,4.1385,-4.0958,-81.318,2.9475,49.719,-40.833
-9.3033,-9.4488,-4.3021,-50.25,77.006,81.097,-13.032
-7.4097,0.016176,4.0809,-87.891,37.74,56.392,-68.16
7.915,0.6226,-1.5631,-86.62,-24.906,52.261,-82.303
5.5612,-1.6061,4.0626,-61.466,79.934,-5.5379,-9.7336
5.5917,-5.1185,-3.6694,-13.91,7.7649,-21.318,-31.713
-2.6971,-9.426,1.0614,-55.863,62.411,25.862,-8.7566
6.6602,-0.98674,4.4631,-22.386,43.925,66.75,-107.82
-0.79427,-5.8354,4.0344,-87.621,31.983,69.674,-37.141
-1.6623,0.15751,0.66619,-39.53,-12.141,55.591,-114.16
3.623,-0.6613,0.13205,-77.8,71.517,21.029,-28.251
-0.16522,-0.82413,-2.5314,-28.06,32.267,50.847,-97.814
1.2856,-4.5058,4.3078,-26.208,22.07,39.886,-53.379
2.1807,7.0696,3.3537,4.5904,21.401,-15.586,-34.043
2.9678,-8.5348,-4.8521,-84.74,45.149,62.021,-38.751
-7.9935,-0.79292,4.7912,19.565,20.708,-13.693,-42.528
4.34,-2.805,-3.3102,0.13667,-22.163,83.073,-81.311
5.6026,5.958,1.4543,-79.079,-12.572,-1.4036,-41.59
2.1411,3.9413,-4.3235,-2.875,2.2437,34.31,-82.768
7.9387,-6.1374,-4.2709,15.454,68.061,85.913,-38.882
1.1499,-2.765,1.1342,-21.913,-2.2355,69.771,-114.48
-8.923,5.3915,-0.81481,-87.706,62.833,76.291,-3.5853
8.4209,6.9996,-4.9555,-65.91,82.577,57.973,-76.61
7.4717,0.45278,0.9706,9.1406,-13.239,8.1045,-53.68
3.3017,-8.4393,-4.1183,-23.318,29.892,23.159,-102.28
-3.4174,8.5802,3.136,-51.165,7.4176,35.438,-39.307
-3.5176,3.8343,-2.8311,-35.254,22.067,-11.047,-53.742
-9.2295,-3.0352,0.21118,-48.815,79.445,60.929,-10.629
3.6184,7.4828,3.7372,-81.59,9.0436,-29.301,-99.81
-1.1152,4.0805,-0.16077,-25.786,18.577,89.529,-114.5
-3.6344,-8.9164,-3.4568,-14.468,38.098,39.209,-28.359
-1.8535,3.1005,-3.5224,-6.9932,70.03,12.509,-81.298
-9.4336,7.7768,3.1254,-12.941,70.996,62.237,-111.19
-8.1972,-1.4411,-0.99571,5.5583,11.118,38.362,-59.399
5.3975,-9.1223,-4.3938,-88.894,-16.322,48.851,-47.079
-5.5225,3.7973,0.68406,-54.751,25.236,18.379,-37.783
-9.9077,4.3243,4.142,-25.216,81.435,-6.7754,-105.14
7.7269,9.2988,3.0946,-41.306,-5.1094,15.912,-15.292
-7.852,7.4634,-1.0399,-5.2647,19.496,87.834,-8.28
-9.9337,-4.0202,-2.9801,-86.242,20.902,51.187,-91.03
0.24249,-2.1537,-1.034,-67.595,61.585,61.755,-75.006
9.0289,-1.3473,-3.2658,-3.1505,26.84,1.5954,-14.194
-4.1149,-5.8522,4.9708,-65.802,-20.597,87.988,-20.878
9.1343,-9.025,-0.99656,1.2941,1.2565,37.766,-28.38
-5.4484,-8.4419,-3.5497,-32.133,11.325,84.152,-53.246
8.4456,1.7803,-1.7126,-82.959,50.869,-13.057,-70.946
-3.2151,-5.7716,4.8468,-86.961,6.0039,46.881,-90.631
-3.7655,1.8057,-3.4252,-55.307,-3.7883,-0.53744,-77.475
2.5521,4.9402,-2.5169,-32.906,20.611,42.652,-38.498
-8.8493,1.986,4.5395,-78.975,44.552,55.854,-124.46
8.0751,-9.3221,-4.2743,-1.9819,28.637,83.457,-8.0706
3.8894,6.8826,4.4543,9.9505,27.102,71.496,-67.988
-9.7487,4.7005,-3.6698,6.1847,7.6961,38.535,-91.125
-4.5933,-1.4584,0.54502,-65.691,10.311,43.498,-59.317
1.2144,7.162,-3.6023,-63.745,34.063,6.606,-35.407
8.6481,5.3562,-1.2204,-45.508,14.984,69.317,-38.026
6.9419,5.0506,-2.2161,-15.089,54.009,27.966,-85.572
-0.96001,2.5438,-0.77157,-62.076,-24.482,57.481,-126.72
1.3222,-9.5848,-4.3974,-60.528,36.802,60.864,-80.487
5.4263,9.6375,-2.504,-49.846,5.7522,21.484,-70.413
-2.3062,-3.6268,-4.6328,-26.681,1.3418,48.967,-24.388
-5.5114,-5.8959,3.762,-83.764,-5.5741,48.832,-55.252
-5.0518,-8.1928,1.9854,-17.752,60.615,24.763,-100.54
5.2507,-8.4181,-1.8652,-86.93,-3.2926,49.137,-20.555
0.58043,-1.1823,-2.4389,3.2574,2.557,86.291,-70.698
9.9394,6.6373,-1.3526,-9.0477,2.7784,-22.454,-101.91
-2.8064,2.1991,-2.5293,4.2181,34.916,-18.015,-106.94
3.6678,7.7847,2.795,-35.828,16.198,-27.184,-40.202
-6.3387,5.6611,1.5652,-6.5512,13.071,85.645,-65.215
-0.75593,4.1225,0.046047,-43.858,23.03,-19.796,-5.1252
0.67799,2.6542,-2.6312,-16.645,84.018,63.053,-75.459
-5.5144,-5.942,2.4489,4.2064,6.568,24.912,-124.72
2.078,0.16149,1.777,-42.78,38.388,58.415,-34.261
5.5594,-5.1382,-3.4086,-0.77293,24.556,37.273,-124.3
7.6173,1.2182,3.2517,-26.64,52.752,-3.0977,-87.08
-1.5763,-9.8653,-1.4267,-77.331,-22.518,46.656,-120.87
-3.3962,-7.904,1.4328,-35.986,71.62,-27.944,-41.278
-2.9489,9.1888,2.9836,18.982,81.552,52.672,-80.851
-9.3378,5.6053,-1.5858,10.357,8.1766,89.861,-6.4125
-5.2104,-7.8541,2.7548,-77.858,-21.288,22.616,-81.27
2.5165,6.4739,-3.136,-51.553,11.378,3.7973,-30.87
-8.7339,-9.9726,-3.3929,-54.24,17.779,80.633,-114.59
-6.8712,-5.1379,4.0803,-31.65,68.235,41.696,-120.61
7.808,-7.0629,-2.8816,-86.964,59.761,81.555,-19.336
2.8234,-9.2332,-4.7593,-20.069,82.551,81.527,-118.32
7.2641,-3.7438,-1.8108,-63.219,-14.686,-13.795,-64.157
7.9044,-2.8201,1.059,-35.188,-10.582,-3.1189,-12.298
6.4529,-8.9097,-0.50573,-83.727,19.782,87.69,-35.022
-4.8949,1.1483,3.2861,-27.021,83.23,-11.311,-9.0124
2.1224,-0.44389,4.105,-13.706,2.1748,34.404,-35.188
6.8835,4.0721,-4.2713,-45.711,-20.989,32.997,-36.139
3.8783,-0.90323,2.6656,-80.55,21.557,80.823,-1.6746
6.4578,-5.8098,2.8279,-70.885,69.499,-10.894,-105.39
-7.3954,-4.2317,-0.75429,-53.914,62.84,76.059,-72.977
8.9833,-7.3457,2.8402,-21.854,35.165,11.49,-26.61
7.5675,-7.9662,4.527,-55.747,-15.229,82.133,-125.13
-3.8867,4.0167,-0.42682,-50.34,55.154,26.872,-18.493
-4.8129,7.151,-3.9676,-6.6251,7.2918,41.482,-60.071
1.126,-3.9835,-1.1065,-75.506,18.164,62.272,-56.346
-5.8509,4.536,3.7978,9.1677,75.883,32.67,-69.333
-2.5664,-1.5902,0.80014,-15.542,40.472,78.412,-3.8503
-0.22933,6.3001,-3.7375,-47.046,72.031,31.427,-44.216
1.4647,-0.42642,4.5898,-54.977,34.985,58.791,-56.616
-0.26901,1.9903,-2.6472,-52.913,56.871,-13.642,-75.25
9.1108,0.67824,2.1828,-27.411,70.234,77.251,-116.59
-9.2871,-8.4597,-2.9344,-3.5602,37.267,-12.995,-125.78
1.4465,0.20525,2.3174,-85.889,-20.723,-6.9417,-114.8
-7.2138,5.4453,-2.2516,-8.5661,42.265,71.719,-28.329
-3.461,4.7856,-2.0182,5.8435,74.729,20.544,-21.787
-4.9675,0.2359,-0.10042,-65.017,29.875,35.267,-85.783
-6.8745,7.5184,1.4888,-16.344,-14.367,27.741,-122.41
-5.7117,-1.5954,-3.9113,16.6,33.32,-1.8412,-15.368
6.4538,5.2729,3.8386,-12.894,47.088,1.0717,-65.26
0.45021,-6.3261,-3.1566,-16.815,33.368,9.6717,-102.33
-3.5738,-9.3721,3.503,-24.715,85.277,2.8492,-63.6
-1.3492,3.9035,4.2619,-78.13,37.717,-12.397,-11.233
-0.60901,5.217,-1.9161,-63.342,42.729,20.254,-57.969
8.0781,7.7595,-2.279,-76.754,-23.995,55.841,-40.835
0.062715,-7.6456,4.5733,-68.436,4.4953,70.827,-41.71
-2.6516,8.4919,-2.7099,-48.891,54.077,37.818,-52.506
-7.2528,-3.097,0.40756,19.059,0.8696,54.815,-13.728
6.5301,-8.8805,-0.2436,-80.475,40.994,-23.859,-77.142
0.92564,-5.5858,4.6509,-51.573,25.554,67.386,-76.326
-4.2129,-5.8795,-3.1476,-87.505,-3.033,61.554,-51.35
1.0773,-6.5582,-3.9201,-67.377,48.995,70.936,-38.796
-1.2843,5.4365,2.8008,-8.9487,87.486,2.5495,-4.9912
0.59559,-9.7554,1.5448,-87.645,0.44151,32.6,-79.387
2.2987,2.888,4.7342,-25.614,-0.39017,74.255,-64.194
3.9518,7.9265,-0.77195,-79.782,-15.068,85.193,-1.8031
1.0075,-2.6614,4.9769,-83.044,59.135,29.636,-109.56
-5.6661,-6.5863,0.60865,-48.103,3.6209,12.216,-104.14
9.114,-3.0951,3.5054,6.0037,37.32,1.5353,-29.06
8.673,1.1999,-1.3231,-8.5258,62.28,-10.736,-115.29
4.2905,-9.9441,-0.69081,-80.458,-12.074,69.613,-81.524
3.0421,4.1374,-1.7231,-68.017,31.237,60.31,-59.66
-2.1286,8.089,0.79975,-6.3935,6.485,42.337,-53.836
-4.6769,8.4035,0.86894,-53.965,-5.9966,60.319,-22.652
0.20644,-8.5528,2.4877,-24.723,80.617,-20.483,-101.83
-3.1437,-0.90884,-0.53151,-22.352,25.421,14.636,-15.666
-4.7941,-3.7866,-1.296,-85.244,-19.339,66.178,-75.741
-6.9191,-9.6958,0.28195,-37.111,-26.95,17.442,-50.318
9.0221,-2.6225,2.5526,-86.91,8.1465,-26.569,-3.0545
-2.9507,7.5168,2.3472,-81.028,31.468,27.191,-16.975
3.9256,8.1323,-3.1785,-5.8889,60.742,44.628,-89.872
3.3184,-0.37538,2.6562,-44.898,60.156,1.4316,-120.52
-6.1142,-1.4793,3.013,-73.793,20.383,-28.029,-112.85
2.3072,-3.2734,-3.9254,-41.753,-1.0662,-20.707,-46.492
-1.4161,1.5886,3.2155,-66.922,34.422,58.77,-79.032
2.5289,-2.9578,0.1518,-2.1659,-20.182,12.77,-102.5
4.7593,0.99019,3.2651,13.947,4.716,-16.945,-112.05
2.4508,-5.2919,3.7428,-6.5126,72.312,61.33,-11.356
1.1855,-7.688,4.3643,-60.894,75.025,45.153,-82.542
3.3095,0.98519,-1.3971,17.797,13.007,36.297,-39.011
4.0108,3.5489,-4.6015,-64.318,65.348,-18.598,-106.92
3.9909,7.0141,-3.3149,-64.105,39.702,30.814,-19.026
-2.6017,3.3743,0.91718,0.81164,65.163,26.047,-17.361
-1.7228,-4.037,-1.3341,-89.515,63.545,-13.576,-78.063
-0.38426,-5.881,-3.9831,-80.21,56.561,29.014,-41.745
6.9166,-0.49671,-2.7597,-19.503,-3.0923,89.093,-72.019
-4.9153,-5.4513,0.96119,-45.566,-27.712,77.951,-72.54
-3.728,-9.6676,4.4013,-38.256,-27.454,-15.229,-61.169
3.1232,-0.54942,-3.6,-85.141,37.107,5.2534,-36.628
-8.419,-4.1391,-2.2003,-0.15882,64.861,49.035,-80.784
-3.7356,-1.0101,-2.5857,5.4038,80.504,39.319,-7.6815
-6.3346,7.5969,-1.5535,-64.98,56.797,-23.88,-68.136
-8.8064,8.4649,-3.7822,-44.085,-3.7899,4.1307,-35.129
9.5876,-6.8368,-0.71563,-59.714,60.208,23.939,-75.167
6.1532,9.3601,-2.4052,-79.033,12.205,-8.1028,-63
4.1838,-8.4605,1.7251,4.1549,86.142,-11.72,-108.7
-3.4479,-9.2067,4.9561,-78.875,16.449,49.274,-101.35
3.1609,1.3466,0.93971,-55.884,-8.3098,-5.0483,-78.363
-6.4318,-7.8676,3.3338,-52.159,46.404,9.5111,-75.362
-0.5619,-4.7502,-2.3487,1.0677,-13.549,74.442,-47.517
2.6454,-5.2728,1.9305,-81.413,64.132,25.518,-90.678
-3.2747,8.0809,0.91071,-75.065,-29.833,77.497,-29.121
-8.1389,-5.5153,-3.5701,-35.559,45.157,-9.8253,-68.284
3.5597,5.0581,-0.81508,-21.47,17.053,58.916,-67.066
6.9063,7.4973,2.0671,-76.621,-0.77911,1.1205,-115.58
4.6159,0.54989,4.7055,1.722,50.288,60.203,-113.7
-2.8603,-7.7103,-3.0502,-62.401,58.798,-15.442,-39.435
4.1386,7.2919,4.9796,-63.135,-23.206,59,-12.52
-0.72723,-1.1841,4.5075,6.1151,69.734,48.147,-86.05
-3.4137,1.3219,-3.0536,19.21,58.922,56.502,-64.88
-8.2687,0.42631,-2.1696,-14.945,27.003,19.505,-43.976
-0.77957,2.2339,4.5337,-14,62.406,62.098,-33.09
-5.6019,7.6568,0.35263,1.2914,-10.323,-17.577,-101.52
-0.57127,-9.3355,-0.81486,-59.282,13.109,64.662,-124.24
-2.1477,-3.8489,3.9935,-27.897,54.048,35.57,-4.3044
6.0718,8.949,-1.3163,14.58,31.059,9.5556,-26.648
-1.9606,3.525,2.1842,-16.766,57.016,78.107,-74.602
2.8897,-1.5543,-0.52842,-14.968,83.028,-2.0756,-28.119
4.5213,4.4993,2.0626,-68.76,-25.197,4.0522,-76.892
6.0009,1.8158,-3.9217,-89.058,54.089,17.079,-10.922
4.8137,-8.8183,-0.40813,-40.403,-15.289,58.996,-75.964
3.0016,9.4776,-2.2749,-87.126,65.745,-1.6484,-122.12
2.8585,-7.6278,-0.27945,-80.539,27.819,41.911,-39.193
-0.71594,-8.443,-3.6431,-6.9803,2.7592,51.055,-112.35
-0.37085,-7.6705,-1.8768,-61.875,54.306,80.308,-86.659
8.4239,6.4498,-3.449,-10.336,34.92,69.678,-81.783
-6.7725,-5.9296,2.6464,-9.5982,-8.9719,90.235,-73.66
1.0047,9.6355,3.1107,-72.625,15.874,82.881,-22.132
-5.3159,-7.9614,-2.4339,-53.563,-4.2345,-23.516,-11.596
5.7487,0.56093,3.9781,-49.317,34.035,21.644,-87.874
-3.4481,-2.9794,-2.0726,-82.737,17.581,12.145,-72.007
-5.8159,-0.10315,-1.0092,-85.897,76.03,-6.9223,-85.373
2.1545,-6.7274,3.482,-40.959,78.401,-29.152,-76.991
-1.9711,-0.096938,-0.55247,-16.874,27.1,43.578,-61.322
7.5858,-8.6026,-1.6411,-83.258,2.1998,29.232,-85.108
-0.40144,-1.0661,-4.0816,-65.658,77.644,59.96,-6.3993
0.08857,-6.157,-1.839,-55.507,-6.6816,45.631,-111.72
9.4937,-9.7547,-0.038123,-9.674,-17.222,51.201,-76.106
-1.6282,5.7546,-0.72566,-70.398,67.335,19.295,-14.657
-8.3807,-8.8654,-1.793,-47.438,51.604,-16.546,-123.97
8.1978,9.3787,2.1607,7.9949,83.452,-26.176,-1.5916
-1.9884,-9.0096,-2.8673,-7.8258,32.406,23.286,-110.67
-9.2027,-1.3467,-4.2594,-72.003,-13.634,73.935,-90.726
-6.646,-1.2811,-0.43251,-29.519,-23.844,8.0733,-45.054
-0.467,-1.3278,-2.1549,-46.73,-26.725,81.485,-86.772
3.9353,-7.3926,-0.4929,-70.532,63.619,39.614,-63.957
7.4575,-5.2941,1.6313,-89.573,38.45,-4.5067,-11.644
-3.9829,8.4838,1.3119,-76.913,81.414,-8.8792,-28.509
8.9375,-4.9059,1.9414,-31.96,-29.384,51.861,-37.073
-7.4294,-9.6867,-3.6903,-52.12,32.497,40.856,-109.69
8.0498,9.0979,-2.8125,-9.9961,-13.266,86.478,-2.9019
7.9786,6.7072,4.6566,-35.625,75.169,-27.945,-53.796
-8.6646,-9.4844,0.61714,-41.631,83.119,58.981,-48.962
-6.8166,-4.1655,-4.7206,-8.0577,57.051,1.1174,-124.81
4.9346,6.0815,-1.1792,-49.815,58.318,7.4366,-51.346
-2.2647,-3.9829,1.3303,-42.621,30.12,26.877,-87.591
-2.0177,6.7366,0.48961,-47.261,-29.807,59.171,-111.86
7.9119,1.0251,-0.4431,-15.704,16.037,47.689,-4.8795
7.292,-8.4317,2.725,-18.022,47.305,-11.79,-121.05
-7.7612,-1.693,-1.4054,-58.152,-7.3917,30.431,-126.12
2.5659,-1.6033,-1.2602,-71.523,83.951,22.953,-55.549
-2.2365,4.631,3.2346,-79.82,-18.171,66.716,-84.785
-7.4638,-8.8024,0.55924,-23.375,58.229,35.707,-56.335
-3.3138,-6.9253,-3.9498,-11.72,-13.211,-1.2919,-38.045
3.8979,-2.731,-3.6937,9.2393,5.9245,33.487,-120.13
2.1292,-8.1283,4.6461,-61.81,32.029,83.297,-86.008
2.2678,-1.8717,-1.0855,-27.168,-29.354,53.843,-107.09
5.4608,-7.5391,-4.5497,-50.277,74.881,69.74,-29.777
-4.7653,-5.0298,0.72259,-17.991,45.185,60.677,-82.943
-3.2068,-2.9685,-4.7894,-33.272,79.513,-23.669,-5.1592
-1.7911,6.4863,-1.8788,-44.937,66.984,45.475,-64.767
9.3122,-8.3899,-4.5601,-89.944,70.628,-19.007,-34.403
-9.8638,3.7301,-3.0658,-9.8097,49.717,-0.22432,-101.63
4.7936,5.7402,0.07201,-64.081,22.986,-18.794,-127.38
4.0997,0.19927,0.9331,-13.019,27.177,-27.376,-47.028
-0.89377,9.3284,1.8482,-76.346,84.304,30.682,-125.56
7.8617,-0.37973,0.29051,-21.367,-8.6491,-13.061,-35.515
-3.3969,6.709,1.4677,-81.343,20.679,-8.2867,-102.04
3.524,-1.2053,3.3874,-53.394,43.575,78.281,-110.83
1.2497,3.5953,-0.713,-52.938,-9.5683,74.921,-98.254
-9.25,7.1578,-3.126,-62.449,-8.1988,-28.814,-90.148
-8.4974,9.6962,-3.7559,9.7056,4.935,61.749,-55.363
-0.74838,0.16017,-0.57996,-12.096,-0.26783,-15.42,-2.4308
3.0123,7.2843,-2.1146,-7.3079,3.5105,33.948,-89.244
8.9517,-6.0394,-1.0139,-60.573,5.25,88.617,-77.116
1.7403,2.3039,-1.6865,-84.309,38.479,50.827,-105.49
-5.7196,-1.0223,-3.6688,5.4763,78.613,-9.6173,-113.52
-4.1801,-9.0196,4.3507,-76.136,81.745,38.915,-69.599
-4.4995,-1.3465,-3.7625,-50.984,81.938,69.554,-47.592
6.5837,-7.2259,-1.4949,-37.156,28.269,80.732,-24.416
-5.1155,1.0503,4.7827,-58.319,42.243,32.057,-35.347
6.7268,-3.5488,4.7284,-53.594,-8.6106,52.687,-11.167
-9.1931,-9.3363,2.7964,-35.785,3.5217,24.542,-114.25
0.85328,-0.61466,-4.4833,7.7386,-4.1278,57.274,-45.485
-3.8119,-2.3383,-1.0042,-41.89,-25.195,49.562,-69.659
8.475,6.5019,0.035769,-62.813,7.5729,71.486,-33.406
6.6051,-8.0062,-0.024051,-51.73,-26.369,79.072,-105.39
-5.4852,-1.7951,-1.9278,-76.214,49.017,78.619,-38.574
-0.014931,-3.0751,-4.5026,4.0241,60.24,-16.427,-39.966
3.1515,3.8622,0.39947,-77.901,17.267,-21.3,-13.49
9.858,-8.0203,-2.3465,-17.594,54.75,48.383,-51.556
7.5785,-2.5494,4.0866,-49.277,23.91,-29.888,-116.38
-7.7905,-2.866,0.61286,-78.13,16.178,1.9664,-29.371
4.8216,9.1027,2.6241,-24.202,45.096,62.054,-107.76
5.3107,-9.0874,3.5805,-66.401,79.921,-6.0599,-37.318
-9.3767,-0.98148,-2.6877,-34.459,-9.364,43.22,-97.219
9.8741,-2.4623,0.90316,-73.303,-0.27536,80.427,-50.215
7.5618,-5.7727,4.3613,-57.039,7.6897,77.034,-86.543
3.846,-3.1189,-1.8969,-58.958,11.62,73.225,-119.06
-9.063,3.3044,-2.2703,-82.853,74.093,-24.306,-102.65
5.5369,6.7061,-2.3969,-11.545,3.2902,53.296,-92.005
7.9966,-7.3692,-2.4163,-28.773,6.4701,41.332,-31.687
-2.52,-2.1997,3.8508,-53.369,-29.613,76.14,-16.734
-9.8914,9.7457,-0.50906,-6.0494,67.249,79.125,-31.462
-7.7152,-6.4675,-2.9793,-16.258,29.934,35.949,-49.986
-7.4922,8.8499,-3.9989,-2.1117,-17.532,59.165,-95.732
-2.6884,3.3537,-2.027,-11.31,51.784,-11.817,-127.98
-2.5233,-2.3467,-0.70726,-8.0029,45.866,6.5044,-92.775
-4.6341,-7.0283,-1.2233,-24.033,66.358,73.742,-80.145
-7.3199,8.5486,1.2703,-89.84,36.2,26.63,-72.16
-1.6313,8.1689,0.78591,5.2701,34.21,87.437,-16.773
-0.64865,-3.9688,-0.43915,-43.087,-26.147,64.013,-2.4936
9.4335,-1.6933,0.63854,-59.087,21.214,75.15,-112.67
5.7929,-8.1656,1.8275,-72.627,25.356,58.607,-37.526
1.0392,-5.2837,0.19378,-32.781,-21.009,79.489,-122.38
4.2754,5.8272,4.9425,8.4986,63.639,54.804,-52.554
6.9888,-7.3066,2.2582,-41.302,32.557,6.4817,-82.81
0.18112,-1.3768,2.1964,-58.052,-18.755,64.861,-39.513
4.6306,0.88498,4.9382,16.537,10.497,-8.4364,-51.956
6.1283,-5.0429,0.028102,-46.067,-7.5191,2.4272,-36.331
9.3701,2.7678,-1.31,-89.417,43.291,-1.3164,-40.043
-5.5608,-3.2681,-2.8839,-34.529,27.127,33.425,-9.4607
8.4601,0.096075,0.34207,-66.735,37.252,29.074,-10.997
2.4525,9.7938,2.1847,-8.3537,10.806,75.109,-94.774
-6.0944,-2.8999,-0.46104,-56.911,54.609,-23.019,-90.066
8.1652,-8.5165,3.9988,-22.744,-1.5918,-25.385,-55.095
0.87776,8.6063,3.0182,-27.507,78.662,60.807,-7.3783
9.5627,-7.2508,-4.3627,-76.431,78.158,49.901,-37.005
1.7591,1.5733,0.82022,4.8071,52.796,86.406,-22.229
-3.1099,7.1917,-1.4952,-15.807,50.244,71.581,-29.019
-6.4885,-9.173,4.1321,-39.893,-4.6291,8.6679,-13.939
8.3561,2.5509,0.053733,-72.379,9.6284,56.703,-87.722
-1.036,-5.9082,2.3445,-63.124,31.148,4.4112,-31.683
-9.3657,-9.9937,-4.7759,13.865,16.594,67.15,-7.988
2.3179,-9.0858,-2.3409,-37.379,72.875,15.989,-6.4965
6.3206,2.6296,2.9695,-82.045,-17.746,21.394,-13.08
7.0469,-0.21394,1.9995,-31.928,68.066,69.977,-73.584
8.3974,3.1082,-1.0025,-30.982,9.4186,28.543,-123.27
-3.9742,-3.5687,0.57037,-22.203,50.351,-13.455,-96.288
5.4317,1.0559,4.361,18.13,21.954,25.945,-17.762
6.6898,2.9855,-0.24174,-17.533,76.546,61.629,-52.923
-8.4477,0.66625,-3.089,-18.033,84.798,-10.49,-9.4984
-7.0818,-9.4834,-2.0378,8.9218,73.325,43,-64.909
-5.1903,7.877,-1.9542,-53.929,-5.2616,80.495,-118.96
-8.4302,3.9301,-0.49822,-68.621,62.479,15.038,-37.82
-0.93332,-1.8151,-4.0867,-75.224,40.166,11.093,-113.66
5.5002,-6.9928,0.27711,-79.184,-11.338,73.293,-11.585
4.5215,-7.5488,-3.5325,-32.323,-23.21,33.656,-38.315
-6.7793,-7.1724,2.6426,-58.034,-11.087,17.988,-113.93
-8.3989,-5.8295,-3.5805,-73.773,24.069,0.80499,-57.712
9.8703,6.2109,4.718,-72.314,20.001,-8.4766,-48.608
4.7719,2.6146,-3.6359,-18.878,-13.484,37.123,-110.5
0.84228,2.9289,-0.16547,-31.926,-21.041,20.922,-39.031
1.8033,-4.0161,-2.9689,-18.814,64.383,28.987,-129.72
-8.1188,-6.8048,2.4476,-66.619,48.535,8.8337,-43.936
1.5886,5.0578,-0.85577,-62.172,-24.362,-0.57624,-81.735
2.5733,0.53673,-0.19406,-42.978,-2.4021,81.302,-126.53
-6.8998,3.8076,0.24093,4.7905,69.413,71.993,-31.005
5.6741,-6.9049,3.5252,-11.958,-25.233,6.7465,-43.547
8.8213,9.0976,-1.1927,-45.931,2.2625,20.736,-45.136
-0.69923,3.7163,0.24544,-19.695,48.501,-18.877,-119.59
3.9627,-5.0942,-4.3834,-18.502,68.557,38.038,-34.279
8.6717,-5.7567,-2.0196,13.765,82,48.87,-55.203
2.3931,-9.172,2.6584,-73.928,74.044,29.766,-11.106
0.64555,-5.6728,-2.3009,-4.394,3.0469,71.553,-50.961
0.22227,4.5473,-1.5503,-21.473,12.085,36.434,-17.324
-2.6631,-4.0589,-4.029,-20.612,62.723,0.85393,-58.392
-3.7308,4.7892,-3.7746,-64.522,71.137,56.709,-64.107
-5.819,-5.7986,-2.7326,-68.945,73.375,23.301,-92.104
2.7808,6.257,0.66203,-42.228,54.683,66.169,-9.0373
-8.1108,-1.2212,-0.40611,-17.009,22.114,72.737,-124.64
8.6651,-8.407,1.2451,7.3562,24.007,59.511,-81.487
-1.6129,9.8882,-3.9715,10.735,17.57,-18.57,-112.08
-0.10791,-8.0307,0.76811,-47.731,62.757,85.987,-126.44
-8.7207,-9.384,0.70589,-64.857,37.036,10.807,-24.741
-9.565,2.7036,-0.5074,-62.745,57.823,1.897,-95.22
-4.1229,-6.5559,3.6121,-20.286,-1.0675,-18.938,-83.921
6.2259,-6.6118,0.49277,-11.678,59.712,-8.5178,-43.065
-3.1272,2.1717,2.1791,-44.897,-6.7001,21.878,-88.321
-1.878,-3.4284,4.5982,5.5946,36.094,-2.123,-47.329
2.914,-6.971,-3.9896,-22.8,-23.036,48.042,-4.7537
-5.8047,-8.8407,-4.9829,-57.279,73.914,1.6579,-21.731
2.9193,1.2781,0.918,-75.482,-20.254,18.744,-53.428
5.0625,-7.8661,3.8545,-57.268,62.992,-11.912,-106.1
-0.70829,-5.6604,0.79748,-68.58,-21.289,62.148,-64.744
8.1379,-1.5552,-4.5492,17.397,60.502,66.756,-16.936
1.1218,-7.5495,-3.5907,13.582,-16.187,33.026,-77.538
-2.6649,3.5317,-2.605,14.712,27.048,46.708,-32.268
-4.598,8.5404,-1.8316,-23.565,-22.766,52.377,-119.25
-5.4759,8.5492,-2.2826,-87.978,81.434,7.7092,-34.462
4.1013,-0.72393,1.1544,-3.289,45.821,50.695,-87.488
-7.1365,-1.8753,-0.15702,-8.1177,-6.6649,25.271,-4.6057
-1.2956,6.6206,2.8733,17.959,-4.4321,58.07,-59.141
9.5924,-2.4466,-0.4529,0.49974,81.429,9.3133,-106.49
7.3398,7.0975,-1.5465,17.309,17.472,-9.9595,-108.78
8.5726,3.8484,3.9193,-53.019,83.016,43.084,-22.366
-3.8998,2.1555,1.721,-89.323,84.976,2.5487,-20.852
3.7171,-5.9419,2.1606,-10.014,-28.954,-28.574,-124.41
8.2919,-5.633,-3.8125,-79.725,12.701,39.234,-86.591
-0.31801,2.9163,-3.7906,-85.84,40.919,12.292,-118.87
-1.4942,3.3761,1.7738,-69.065,35.436,-13.357,-3.3866
3.5286,0.2767,-1.9193,-71.653,73.313,17.587,-5.2562
-3.0343,1.3041,4.9064,-24.808,6.2279,-9.0589,-8.1304
-9.9922,1.7967,-3.2223,-68.275,11.823,-28.175,-12.365
6.1657,-8.967,0.20898,-56.106,56.315,84.922,-42.437
-6.8605,-3.4864,3.5174,-10.72,-4.8614,-29.957,-64.629
1.8613,-0.42641,-3.2106,-55.508,36.78,37.976,-108.33
8.8993,-0.39757,4.9154,-49.898,-2.0271,47.569,-49.775
-9.1438,-3.6787,-2.7922,-85.066,-8.7816,42.553,-104.98
5.7819,3.0975,-0.64859,-14.167,-20.948,7.6914,-97.611
-8.269,7.9332,3.93,-16.892,36.52,8.8855,-35.76
-2.4748,1.1864,-2.8003,-58.813,1.8026,-23.467,-2.3085
0.039104,-0.90709,-0.8032,-61.079,63.24,-22.852,-30.205
7.3006,-1.9766,-4.6977,-20.916,0.25649,-3.4885,-48.144
9.7503,-1.167,0.055611,15.784,16.187,11.699,-36.044
0.33756,0.44521,-1.1816,9.3105,-29.705,-27.945,-94.821
7.5314,8.899,-0.44444,-74.241,41.622,-16.84,-2.4744
-4.1559,4.7466,-1.9802,-58.769,11.415,45.342,-68.934
-9.1079,-8.3864,4.5971,-0.43417,61.351,-10.103,-40.492
-4.2142,2.145,-1.8547,-23.107,21.876,-27.844,-57.77
-4.6728,-5.8704,2.5216,-82.212,6.0873,35.103,-60.55
5.8567,3.767,-2.3572,-73.855,73.375,69.406,-19.13
-2.9198,-0.47344,-4.6117,18.735,78.084,30.303,-100.93
-9.4574,-8.9419,2.5061,-48.607,82.423,-16.076,-94.602
8.0684,-6.9885,-3.3855,-41.681,36.565,-5.9129,-119.78
-9.3757,1.5951,2.3301,8.7431,28.89,10.322,-106.47
9.1424,-4.7516,-4.6598,9.5548,52.687,-25.564,-116.04
-8.3742,-5.3836,-3.6882,-73.676,22.259,44.249,-21.86
-7.0029,7.3047,-0.86118,-40.225,20.99,6.3383,-113.6
5.0267,8.4894,4.9537,-30.267,80.043,66.417,-114.04
7.8673,-7.7099,3.2358,-76.955,64.675,39.785,-18.542
-9.3066,-0.88557,1.1805,-23.082,50.264,14.694,-87.395
2.2465,9.3741,-0.82429,9.198,46.809,46.512,-33.841
2.0849,0.18222,-0.53467,-72.777,38.607,17.498,-30.841
0.52292,9.5363,0.050184,9.6049,-15.552,18.113,-28.566
1.6211,-4.2408,3.1945,-62.945,34.809,87.844,-73.107
-3.4425,-5.5425,0.64373,-70.838,-9.1471,26.049,-63.52
1.1995,0.0034187,4.0472,-66.763,5.7947,-28.748,-127.25
-5.949,-8.6531,-4.6006,-55.493,-11.333,32.723,-100.29
9.8825,-2.1376,2.2928,-40.277,44.13,45.325,-97.83
2.9507,6.3107,-1.7031,-59.744,72.442,76.959,-25.098
9.3101,-6.5356,-4.2523,-82.294,35.974,88.611,-120.56
-3.1467,7.961,0.91272,-28.375,60.747,71.122,-10.097
-8.3993,-0.84678,-4.3289,10.441,47.4,52.833,-7.1013
-2.3413,2.0747,-3.1042,-19.97,-3.571,39.809,-107.09
-4.5481,-8.192,-2.0047,-26.939,53.179,33.047,-84.001
-9.0987,0.83842,-1.8502,7.8561,1.4091,-13.775,-26.845
-4.4574,-6.7586,-0.70575,-46.263,11.152,59.316,-41.825
2.0376,9.8362,1.9467,-2.426,1.0803,87.882,-47.983
9.6502,-1.041,4.4233,-62.778,-1.3064,-15.908,-68.305
-0.38581,-5.0936,1.2387,-16.201,45.735,-25.548,-114.13
4.8083,8.9063,-3.2845,-6.0745,66.617,1.5178,-74.871
6.1214,-0.83955,-3.4531,-27.849,26.972,56.447,-5.9393
-3.5107,8.1106,-0.14384,-62.319,79.715,57.894,-18.705
-0.10482,8.5192,4.7232,17.544,68.265,23.955,-75.368
5.8411,-2.2022,-4.2987,-57.036,-23.843,-21.648,-94.269
7.5816,-7.6399,-0.76118,-84.663,73.648,-10.364,-127.48
-6.6279,-6.8582,2.1518,-73.267,30.876,-27.167,-69.869
-5.9215,6.6042,1.5758,-42.064,6.038,22.621,-106.81
6.4396,-8.3549,4.8348,-25.669,50.802,74.734,-40.904
-9.1848,7.1732,-0.46416,-68.455,27.17,72.803,-85.868
3.0788,-7.828,-2.1753,5.7149,68.055,-11.581,-35.236
6.8341,-8.8221,4.9086,-9.1818,77.575,55.37,-84.08
4.4066,-7.3041,4.3172,-23.678,76.627,0.55866,-4.4664
3.916,-1.5108,1.4265,-88.333,7.8525,12.963,-83.112
5.495,9.2321,4.8312,11.016,74.33,-4.1274,-116.25
4.5854,-8.3234,-3.5618,-40.256,63.569,-21.48,-18.019
0.32029,-0.17358,-0.42764,-23.177,7.2115,57.6,-78.96
-3.4306,1.1019,1.2583,-81.25,7.2025,-14.215,-52.473
-4.3228,-5.8045,-0.59221,-32.419,73.147,5.4938,-56.342
2.2023,-0.048927,2.0944,4.7164,64.272,66.559,-79.961
