4.2678,-0.28278,0.54069,14.777,85.518,33.644,-72.4,-23.098,-10.152
4.2666,-0.27689,0.54121,14.755,85.502,33.635,-72.285,-23.102,-10.09
4.2634,-0.25657,0.54282,14.717,85.479,33.648,-71.926,-23.13,-10.024
4.2602,-0.23105,0.54461,14.657,85.452,33.679,-71.317,-23.182,-9.961
4.258,-0.21135,0.54591,14.566,85.422,33.728,-70.449,-23.259,-9.9019
4.2573,-0.20495,0.5465,14.431,85.391,33.79,-69.313,-23.36,-9.8467
4.2579,-0.21372,0.54654,14.235,85.361,33.854,-67.896,-23.476,-9.7957
4.2588,-0.23408,0.54634,13.961,85.337,33.911,-66.184,-23.596,-9.7493
4.2592,-0.25898,0.5462,13.596,85.32,33.952,-64.164,-23.707,-9.7077
4.2587,-0.28074,0.54632,13.13,85.31,33.978,-61.821,-23.796,-9.6712
4.2571,-0.29378,0.54667,12.556,85.305,33.991,-59.136,-23.852,-9.6395
4.2549,-0.2961,0.54706,11.869,85.304,34,-56.087,-23.868,-9.6125
4.2528,-0.28945,0.54723,11.059,85.304,34.014,-52.643,-23.838,-9.5899
4.2516,-0.27813,0.54691,10.114,85.302,34.039,-48.768,-23.758,-9.5714
4.2519,-0.2671,0.54595,9.0135,85.299,34.08,-44.414,-23.622,-9.5567
4.2541,-0.26018,0.54429,7.7297,85.293,34.137,-39.527,-23.424,-9.5452
4.2585,-0.25887,0.542,6.2297,85.287,34.209,-34.039,-23.15,-9.5359
4.2653,-0.26212,0.53917,4.4778,85.28,34.294,-27.876,-22.785,-9.5269
4.2753,-0.26694,0.53578,2.4422,85.273,34.39,-20.966,-22.313,-9.515
4.2896,-0.26966,0.53172,0.10637,85.265,34.501,-13.267,-21.725,-9.4955
4.3101,-0.2674,0.52675,-2.5123,85.258,34.622,-4.8258,-21.039,-9.4633
4.3534,-0.26145,0.5244,-4.4433,85.284,34.067,0.074137,-20.654,-9.2462
4.4029,-0.29688,0.52298,-4.1116,85.312,33.88,0.07511,-20.706,-9.2618
4.4303,-0.32548,0.52315,-3.7169,85.337,33.727,0.075984,-20.696,-9.2811
4.441,-0.33952,0.52475,-3.3223,85.364,33.549,0.076829,-20.631,-9.3063
4.4403,-0.33998,0.52715,-2.9148,85.392,33.362,0.077647,-20.517,-9.3367
4.4327,-0.33147,0.52969,-2.4826,85.42,33.18,0.07844,-20.365,-9.3712
4.4217,-0.32037,0.53191,-2.0222,85.445,33.009,0.079213,-20.19,-9.4095
4.4096,-0.31269,0.53357,-1.5378,85.47,32.848,0.079972,-20.003,-9.4513
4.3979,-0.31225,0.53465,-1.0394,85.493,32.687,0.080724,-19.812,-9.4967
4.3872,-0.31968,0.53537,-0.53838,85.518,32.516,0.081476,-19.618,-9.5455
4.3775,-0.33267,0.53602,-0.044328,85.545,32.326,0.082233,-19.416,-9.5978
4.3686,-0.34713,0.53687,0.43838,85.575,32.11,0.082997,-19.199,-9.6538
4.3604,-0.35879,0.53807,0.91116,85.608,31.87,0.083768,-18.959,-9.7135
4.3528,-0.36478,0.53964,1.3799,85.642,31.612,0.084542,-18.693,-9.777
4.3459,-0.36445,0.54142,1.8525,85.678,31.343,0.085318,-18.401,-9.8442
4.3401,-0.3594,0.54321,2.3355,85.713,31.07,0.086093,-18.085,-9.9151
4.3356,-0.35261,0.5448,2.8333,85.747,30.799,0.086867,-17.752,-9.9887
4.3325,-0.34699,0.54607,3.3479,85.781,30.532,0.087639,-17.409,-10.064
4.3305,-0.34453,0.54701,3.8763,85.814,30.266,0.08841,-17.058,-10.141
4.3295,-0.34578,0.54773,4.4142,85.846,29.996,0.089183,-16.702,-10.22
4.3291,-0.34987,0.54837,4.9577,85.879,29.72,0.089957,-16.34,-10.301
4.3288,-0.35494,0.54909,5.5052,85.912,29.434,0.090735,-15.97,-10.384
4.3284,-0.35896,0.54998,6.0574,85.946,29.139,0.091513,-15.589,-10.469
4.3278,-0.36051,0.55107,6.6171,85.98,28.837,0.092293,-15.196,-10.555
4.3271,-0.35924,0.55228,7.1874,86.014,28.531,0.093072,-14.792,-10.644
4.3263,-0.35594,0.5535,7.7711,86.047,28.225,0.093851,-14.378,-10.734
4.3257,-0.35207,0.55464,8.3693,86.079,27.919,0.094629,-13.958,-10.827
4.3254,-0.34915,0.55561,8.9812,86.111,27.613,0.095408,-13.536,-10.921
4.3252,-0.34805,0.55644,9.6069,86.142,27.307,0.096186,-13.111,-11.017
4.3251,-0.34843,0.55716,10.247,86.172,27.002,0.09696,-12.686,-11.112
4.325,-0.34921,0.55786,10.902,86.202,26.698,0.097731,-12.259,-11.207
4.3246,-0.34921,0.55858,11.572,86.23,26.393,0.098499,-11.831,-11.301
4.324,-0.34773,0.55932,12.258,86.258,26.091,0.099263,-11.402,-11.395
4.3232,-0.34475,0.56003,12.963,86.284,25.792,0.10003,-10.973,-11.489
4.3224,-0.34091,0.56064,13.687,86.31,25.497,0.10078,-10.545,-11.583
4.3217,-0.33714,0.56112,14.43,86.334,25.207,0.10154,-10.123,-11.677
4.3211,-0.33426,0.56143,15.192,86.357,24.921,0.1023,-9.7058,-11.77
4.3206,-0.33257,0.5616,15.971,86.379,24.637,0.10305,-9.2956,-11.862
4.3201,-0.33182,0.5617,16.767,86.4,24.356,0.10381,-8.8919,-11.955
4.3195,-0.33133,0.56178,17.58,86.42,24.075,0.10456,-8.494,-12.047
4.3187,-0.33033,0.56188,18.411,86.44,23.797,0.10531,-8.101,-12.137
4.3178,-0.32812,0.56196,19.266,86.458,23.527,0.10604,-7.7128,-12.225
4.3166,-0.32336,0.56206,20.008,86.464,23.127,0.10656,-7.3162,-12.309
4.3148,-0.30848,0.5623,20.007,86.476,21.979,0.1079,-6.9005,-12.39
4.3142,-0.30263,0.56166,20.007,86.488,20.837,0.10922,-6.4804,-12.471
4.3144,-0.3068,0.56043,20.007,86.497,19.7,0.11054,-6.0574,-12.549
4.3146,-0.31661,0.55914,20.007,86.506,18.567,0.11186,-5.6297,-12.624
4.314,-0.32527,0.55822,20.007,86.513,17.436,0.11316,-5.1926,-12.697
4.3123,-0.32732,0.55785,20.007,86.518,16.306,0.11445,-4.7437,-12.767
4.3099,-0.32133,0.55782,20.007,86.521,15.177,0.11574,-4.2855,-12.835
4.3073,-0.3103,0.55777,20.007,86.522,14.048,0.11703,-3.825,-12.901
4.3052,-0.29965,0.55731,20.007,86.521,12.922,0.11832,-3.3705,-12.964
4.3038,-0.29405,0.5563,20.007,86.518,11.798,0.1196,-2.9278,-13.024
4.3031,-0.29495,0.55486,20.007,86.514,10.679,0.12088,-2.4986,-13.08
4.3025,-0.30019,0.55327,20.007,86.508,9.5643,0.12214,-2.0805,-13.132
4.3014,-0.30557,0.55185,20.007,86.501,8.4525,0.1234,-1.6692,-13.179
4.2998,-0.30738,0.55072,20.007,86.493,7.3435,0.12464,-1.262,-13.223
4.2976,-0.30436,0.54982,20.007,86.484,6.2371,0.12586,-0.8586,-13.262
4.2953,-0.29818,0.54891,20.007,86.474,5.1341,0.12708,-0.46181,-13.297
4.2933,-0.29211,0.54778,20.007,86.463,4.0353,0.1283,-0.075213,-13.329
4.2918,-0.28908,0.54633,20.007,86.452,2.9417,0.1295,0.29883,-13.357
4.2907,-0.29005,0.54465,20.007,86.44,1.8536,0.1307,0.66048,-13.38
4.2897,-0.29373,0.54292,20.007,86.427,0.77107,0.13189,1.0121,-13.399
4.2884,-0.29754,0.54135,20.007,86.415,-0.30643,0.13307,1.357,-13.414
4.2869,-0.29923,0.54001,20.007,86.403,-1.3791,0.13423,1.6975,-13.425
4.285,-0.29812,0.53885,20.007,86.39,-2.4465,0.13538,2.0339,-13.431
4.2831,-0.29525,0.53773,20.007,86.378,-3.5079,0.1365,2.3651,-13.433
4.2814,-0.29262,0.53653,20.007,86.366,-4.5623,0.13761,2.6894,-13.43
4.28,-0.2919,0.53519,20.007,86.355,-5.6088,0.13871,3.0059,-13.422
4.2788,-0.29356,0.53378,20.007,86.345,-6.6469,0.13979,3.3152,-13.41
4.2777,-0.29675,0.5324,20.007,86.335,-7.6763,0.14085,3.6189,-13.394
4.2764,-0.29993,0.53116,20.007,86.326,-8.6969,0.14189,3.9191,-13.372
4.275,-0.30187,0.53011,20.007,86.318,-9.7087,0.14292,4.2174,-13.346
4.2734,-0.30225,0.52921,20.007,86.311,-10.711,0.14393,4.5142,-13.316
4.2719,-0.30173,0.52839,20.007,86.305,-11.705,0.14492,4.8096,-13.281
4.2706,-0.30147,0.52757,20.007,86.301,-12.689,0.14591,5.1032,-13.242
4.2694,-0.30233,0.52674,20.007,86.298,-13.662,0.14687,5.3948,-13.198
4.2684,-0.30443,0.52594,20.007,86.296,-14.625,0.14781,5.685,-13.15
4.2675,-0.30721,0.52524,20.007,86.296,-15.576,0.14872,5.9746,-13.099
4.2665,-0.30989,0.5247,20.007,86.297,-16.516,0.14962,6.2647,-13.043
4.2654,-0.31186,0.52433,20.007,86.3,-17.444,0.15049,6.556,-12.984
4.2644,-0.31305,0.52412,20.007,86.304,-18.361,0.15134,6.8492,-12.92
4.2634,-0.31387,0.524,20.007,86.31,-19.264,0.15217,7.1442,-12.853
4.2625,-0.3149,0.52394,20.007,86.318,-20.156,0.15299,7.4411,-12.782
4.2617,-0.31657,0.52393,20.007,86.328,-21.034,0.15378,7.7402,-12.707
4.2611,-0.31892,0.52398,20.007,86.339,-21.9,0.15446,8.0422,-12.628
4.2606,-0.32165,0.52412,20.008,86.352,-22.752,0.15486,8.3478,-12.545
4.2601,-0.32434,0.52438,20.007,86.368,-23.593,0.15354,8.6578,-12.459
4.2596,-0.32656,0.52477,20.007,86.385,-24.421,0.15191,8.9735,-12.369
4.2591,-0.32802,0.52531,20.007,86.403,-25.237,0.15003,9.2948,-12.277
4.2586,-0.32886,0.52596,20.007,86.423,-26.039,0.14774,9.6219,-12.183
4.2582,-0.32952,0.52669,20.006,86.445,-26.829,0.14504,9.9543,-12.086
4.258,-0.3305,0.52746,20.007,86.468,-27.606,0.14188,10.292,-11.987
4.2579,-0.33207,0.52827,20.006,86.492,-28.371,0.13833,10.635,-11.886
4.258,-0.33414,0.52914,20.007,86.518,-29.122,0.13435,10.984,-11.783
4.258,-0.33638,0.53009,20.006,86.545,-29.862,0.1302,11.338,-11.677
4.2581,-0.33844,0.53114,20.007,86.574,-30.588,0.12599,11.7,-11.569
4.2582,-0.34011,0.53228,20.006,86.604,-31.304,0.12189,12.069,-11.459
4.2583,-0.34144,0.53348,20.007,86.636,-32.007,0.11798,12.445,-11.346
4.2585,-0.34265,0.53474,20.006,86.67,-32.7,0.11427,12.828,-11.232
4.2588,-0.34387,0.53603,20.007,86.704,-33.381,0.1104,13.22,-11.116
4.2591,-0.34488,0.53737,20.006,86.739,-34.053,0.10647,13.619,-11.001
4.2595,-0.3455,0.53878,20.007,86.774,-34.714,0.10239,14.026,-10.885
4.2599,-0.34577,0.54021,20.006,86.811,-35.368,0.098222,14.44,-10.769
4.2603,-0.34592,0.54166,20.007,86.847,-36.01,0.093889,14.86,-10.654
4.2609,-0.34617,0.54309,20.006,86.884,-36.647,0.089467,15.286,-10.538
4.2616,-0.34667,0.54451,20.007,86.921,-37.273,0.084883,15.718,-10.423
4.2623,-0.34742,0.54592,20.005,86.959,-37.896,0.080219,16.155,-10.307
4.263,-0.34825,0.54733,20.007,86.997,-38.508,0.075397,16.597,-10.192
4.2638,-0.34901,0.54876,20.005,87.036,-39.119,0.070507,17.045,-10.076
4.2646,-0.34959,0.55019,20.007,87.074,-39.72,0.065465,17.499,-9.9607
4.2654,-0.34997,0.55164,20.005,87.114,-40.321,0.060376,17.957,-9.8455
4.2662,-0.3501,0.55308,20.007,87.153,-40.914,0.055167,18.421,-9.7318
4.267,-0.3497,0.55454,20.004,87.191,-41.509,0.049993,18.889,-9.6204
4.2677,-0.34865,0.55599,20.007,87.228,-42.097,0.044791,19.362,-9.5114
4.2686,-0.34716,0.55738,20.004,87.265,-42.69,0.039538,19.836,-9.4049
4.2694,-0.34556,0.55867,20.008,87.299,-43.276,0.034093,20.313,-9.3009
4.2704,-0.34417,0.55984,20.009,87.333,-43.863,0.029749,20.789,-9.1994
4.2714,-0.34321,0.56089,20.004,87.366,-44.459,0.027136,21.265,-9.1003
4.2726,-0.34268,0.56186,20,87.398,-45.055,0.024696,21.74,-9.0038
4.2737,-0.3423,0.56277,20,87.429,-45.651,0.022329,22.213,-8.9096
4.2747,-0.34178,0.56367,20.001,87.458,-46.25,0.021577,22.684,-8.818
4.2758,-0.34097,0.56455,19.999,87.487,-46.856,0.021498,23.153,-8.7288
4.2768,-0.33987,0.56542,20.001,87.515,-47.464,0.021621,23.62,-8.6422
4.2778,-0.33851,0.56626,19.998,87.542,-48.083,0.021842,24.083,-8.5593
4.2788,-0.33673,0.56707,20.001,87.566,-48.706,0.022072,24.543,-8.4806
4.2798,-0.33451,0.56782,19.998,87.589,-49.343,0.022389,24.998,-8.4063
4.2807,-0.33202,0.56848,20,87.609,-49.986,0.022701,25.447,-8.3364
4.2817,-0.32954,0.56902,19.998,87.627,-50.644,0.023082,25.888,-8.2707
4.2827,-0.32727,0.56942,20,87.643,-51.309,0.023442,26.322,-8.2095
4.2837,-0.32526,0.5697,19.997,87.657,-51.994,0.023872,26.746,-8.1526
4.2847,-0.32341,0.56988,20,87.668,-52.686,0.024265,27.161,-8.0999
4.2857,-0.32158,0.56996,19.997,87.678,-53.4,0.024744,27.566,-8.0516
4.2866,-0.3196,0.56997,19.986,87.684,-54.141,0.020185,27.96,-8.0081
4.2872,-0.31332,0.56945,20.01,87.668,-54.868,0.014682,28.354,-7.9698
4.2874,-0.29975,0.56769,19.987,87.644,-55.662,0.015508,28.723,-7.9376
4.2882,-0.285,0.56473,20.008,87.617,-56.435,0.015995,29.061,-7.9107
4.2899,-0.27589,0.56078,19.987,87.588,-57.273,0.016593,29.366,-7.8893
4.2923,-0.275,0.55626,20.008,87.556,-58.093,0.016623,29.642,-7.8731
4.2949,-0.27996,0.5517,19.986,87.522,-58.981,0.016795,29.887,-7.8618
4.2969,-0.28547,0.54757,20.008,87.484,-59.851,0.016642,30.107,-7.8552
4.2979,-0.28685,0.54409,19.984,87.445,-60.795,0.01816,30.301,-7.853
4.298,-0.28315,0.54129,19.999,87.405,-61.729,0.018834,30.473,-7.856
4.2977,-0.27483,0.53873,20.012,87.357,-62.694,0.019351,30.626,-7.8641
4.2974,-0.26439,0.53587,19.993,87.306,-63.724,0.019526,30.753,-7.8778
4.2976,-0.25604,0.53255,20.012,87.25,-64.747,0.019582,30.856,-7.8968
4.2982,-0.25198,0.52869,20.013,87.19,-65.821,0.020182,30.931,-7.9209
4.2991,-0.25276,0.52461,20,87.131,-66.944,0.02031,30.978,-7.9495
4.2999,-0.25651,0.52073,20.004,87.07,-68.085,0.020823,31.002,-7.9825
4.3001,-0.26006,0.5173,19.997,87.01,-69.272,0.021358,31.003,-8.0196
4.2995,-0.26116,0.5145,19.981,86.949,-70.505,0.021084,30.986,-8.0609
4.2983,-0.25834,0.51208,20.003,86.886,-71.738,0.022258,30.954,-8.1065
4.2967,-0.25341,0.50988,19.995,86.823,-73.037,0.022427,30.903,-8.1566
4.295,-0.24871,0.50767,20.003,86.757,-74.36,0.021635,30.84,-8.211
4.2935,-0.2449,0.50502,19.994,86.685,-75.739,0.023119,30.76,-8.2703
4.292,-0.24255,0.50187,20.001,86.612,-77.143,0.02312,30.662,-8.3336
4.2905,-0.24244,0.49846,19.999,86.538,-78.595,0.024108,30.547,-8.401
4.2888,-0.24359,0.49492,19.991,86.465,-80.095,0.024906,30.416,-8.4722
4.2868,-0.24541,0.49157,20.011,86.391,-81.609,0.024631,30.274,-8.5472
4.2843,-0.24659,0.48847,20.013,86.317,-83.182,0.02492,30.12,-8.6257
4.2815,-0.24641,0.48551,19.98,86.243,-84.83,0.026055,29.954,-8.7072
4.2783,-0.24569,0.48283,20.012,86.172,-86.457,0.028383,29.785,-8.7906
4.275,-0.24612,0.48051,20.001,86.103,-88.168,0.025618,29.612,-8.8766
4.2715,-0.2472,0.47829,20.005,86.032,-89.902,0.027508,29.439,-8.9647
4.2678,-0.24846,0.47603,19.991,85.96,-91.696,0.028042,29.262,-9.0551
4.2639,-0.24928,0.47367,20.005,85.889,-93.5,0.0308,29.085,-9.1476
4.2599,-0.24986,0.47127,20.006,85.818,-95.358,0.028371,28.906,-9.2422
4.2557,-0.25005,0.46871,20.013,85.746,-97.244,0.032685,28.728,-9.3384
4.2515,-0.25042,0.46599,19.99,85.674,-99.199,0.032899,28.547,-9.4365
4.2473,-0.25105,0.46312,20.006,85.604,-101.15,0.033734,28.371,-9.5364
4.2433,-0.25216,0.4601,20.009,85.533,-103.15,0.033815,28.196,-9.638
4.2393,-0.25353,0.45689,20.005,85.462,-105.19,0.03743,28.022,-9.7407
4.2354,-0.25506,0.45351,20.003,85.392,-107.25,0.037392,27.849,-9.8436
4.2317,-0.25671,0.44998,20.005,85.322,-109.34,0.040518,27.678,-9.9461
4.2282,-0.25853,0.44634,20.011,85.254,-111.45,0.042162,27.509,-10.048
4.225,-0.2605,0.44269,20.007,85.187,-113.6,0.043793,27.342,-10.149
4.2222,-0.2625,0.4391,20.007,85.122,-115.76,0.045864,27.179,-10.25
4.2196,-0.26453,0.43562,20.006,85.059,-117.94,0.047634,27.019,-10.35
4.2176,-0.26651,0.43221,20.006,84.997,-120.13,0.048962,26.862,-10.449
4.2159,-0.26846,0.42884,20.007,84.937,-122.33,0.050076,26.707,-10.548
4.2149,-0.27039,0.42548,20.008,84.878,-124.54,0.050826,26.554,-10.645
4.2144,-0.27235,0.42211,20.01,84.822,-126.75,0.051794,26.401,-10.742
4.2145,-0.27439,0.41872,20.009,84.766,-128.97,0.052967,26.248,-10.839
4.2152,-0.27654,0.41531,20.009,84.713,-131.18,0.05407,26.094,-10.935
4.2166,-0.27887,0.41189,20.009,84.663,-133.38,0.054875,25.938,-11.028
4.2187,-0.28137,0.4086,20.008,84.615,-135.57,0.055587,25.781,-11.119
4.2214,-0.28391,0.40556,20.009,84.572,-137.75,0.056309,25.624,-11.208
4.2246,-0.28631,0.40288,20.009,84.531,-139.91,0.057202,25.465,-11.294
4.2284,-0.28844,0.4006,20.01,84.493,-142.04,0.058056,25.306,-11.377
4.2327,-0.29036,0.39874,20.009,84.459,-144.15,0.059098,25.145,-11.459
4.2375,-0.29214,0.39728,20.01,84.429,-146.23,0.060341,24.983,-11.538
4.2427,-0.29392,0.3962,20.01,84.401,-148.27,0.062784,24.819,-11.616
4.2483,-0.2958,0.39548,20.01,84.377,-150.27,0.065079,24.652,-11.691
4.2542,-0.29783,0.39505,20.01,84.356,-152.24,0.067148,24.483,-11.765
4.2603,-0.29998,0.39486,20.009,84.337,-154.16,0.069015,24.309,-11.837
4.2665,-0.30214,0.39486,20.009,84.322,-156.03,0.070699,24.13,-11.908
4.2727,-0.30415,0.39506,20.009,84.309,-157.86,0.072219,23.945,-11.976
4.2788,-0.30573,0.39557,20.009,84.3,-159.63,0.073587,23.755,-12.041
4.2848,-0.30678,0.39645,20.009,84.294,-161.35,0.074812,23.561,-12.103
4.2907,-0.30739,0.39771,20.009,84.29,-163.01,0.075903,23.362,-12.162
4.2962,-0.30781,0.39936,20.009,84.29,-164.61,0.076865,23.16,-12.219
4.3015,-0.30829,0.40138,20.009,84.291,-166.15,0.077705,22.954,-12.272
4.3065,-0.30897,0.40372,20.009,84.295,-167.62,0.078427,22.744,-12.324
4.3111,-0.30988,0.40634,20.009,84.301,-169.03,0.079036,22.532,-12.373
4.3152,-0.31088,0.40918,20.008,84.309,-170.38,0.079536,22.315,-12.419
4.3189,-0.31181,0.41219,20.008,84.318,-171.66,0.07993,22.094,-12.464
4.3221,-0.3125,0.41531,20.008,84.329,-172.87,0.080221,21.867,-12.506
4.3247,-0.31286,0.41851,20.008,84.342,-174.01,0.080413,21.636,-12.546
4.3269,-0.31277,0.42182,20.008,84.355,-175.08,0.080516,21.399,-12.583
4.3285,-0.31207,0.4253,20.008,84.37,-176.08,0.08044,21.159,-12.616
4.3295,-0.31082,0.42901,20.008,84.386,-177.02,0.071454,20.916,-12.647
4.33,-0.30928,0.43299,20.007,84.402,-177.89,0.030939,20.671,-12.674
4.3299,-0.30773,0.43724,20.007,84.419,-178.72,-0.062118,20.425,-12.699
4.3292,-0.30634,0.44178,20.007,84.437,-179.5,-0.22564,20.181,-12.72
4.3386,-0.30409,0.44618,19.973,84.436,-180.01,0.041355,20.026,-12.719
4.4,-0.28066,0.45338,20.004,84.42,-179.93,0.0048733,20.674,-12.759
4.4424,-0.24573,0.45957,20.004,84.439,-179.89,-0.40714,21.35,-12.776
4.4591,-0.22109,0.46559,20.004,84.456,-179.98,-1.1672,21.843,-12.785
4.4667,-0.21783,0.47197,19.985,84.466,-179.99,-1.8402,22.275,-12.782
4.4639,-0.23603,0.47903,19.978,84.483,-179.99,-2.6043,22.64,-12.783
4.4514,-0.26966,0.48642,20.012,84.498,-180.01,-3.6482,22.906,-12.777
4.4376,-0.30683,0.49271,20.003,84.513,-179.98,-4.6306,23.13,-12.765
4.4174,-0.33268,0.49813,20.004,84.531,-179.98,-5.8433,23.254,-12.752
4.3937,-0.33875,0.5027,20.008,84.549,-180.01,-7.2634,23.284,-12.733
4.3712,-0.32351,0.50674,20.002,84.566,-179.99,-8.7442,23.26,-12.708
4.3495,-0.2936,0.51104,19.991,84.583,-179.98,-10.371,23.193,-12.679
4.3306,-0.26221,0.51596,19.934,84.6,-180,-12.131,23.11,-12.645
4.3158,-0.23949,0.52229,19.874,84.617,-180,-13.983,23.045,-12.607
4.3054,-0.23373,0.52961,19.777,84.634,-180,-15.893,23.012,-12.565
4.2984,-0.24534,0.53744,19.634,84.652,-180,-17.833,23.013,-12.519
4.2934,-0.2678,0.54517,19.438,84.67,-180,-19.781,23.038,-12.468
4.289,-0.29067,0.5523,19.182,84.689,-180,-21.716,23.07,-12.415
4.2843,-0.30408,0.55858,18.857,84.708,-180,-23.617,23.099,-12.358
4.2793,-0.30275,0.56408,18.454,84.728,-180,-25.458,23.12,-12.298
4.2746,-0.28786,0.56913,17.964,84.749,-180,-27.215,23.144,-12.235
4.2712,-0.26623,0.57416,17.378,84.771,-180,-28.864,23.186,-12.17
4.2696,-0.24722,0.57946,16.691,84.793,-180,-30.382,23.262,-12.103
4.2701,-0.23859,0.58514,15.9,84.817,-180,-31.754,23.383,-12.033
4.272,-0.24327,0.59109,15.004,84.841,-180,-32.966,23.551,-11.961
4.2745,-0.25829,0.59707,14.005,84.866,-180,-34.009,23.756,-11.886
4.2764,-0.27639,0.60288,12.902,84.892,-180,-34.876,23.988,-11.808
4.2771,-0.28943,0.60844,11.694,84.919,-180,-35.557,24.235,-11.727
4.2764,-0.29212,0.61383,10.38,84.946,-180,-36.043,24.494,-11.642
4.2749,-0.28428,0.61921,8.9567,84.974,-180,-36.322,24.769,-11.555
4.2733,-0.27079,0.62468,7.4231,85.002,-180,-36.381,25.071,-11.467
4.2725,-0.25898,0.63021,5.7792,85.031,-180,-36.211,25.411,-11.377
4.2727,-0.25503,0.63571,4.0263,85.059,-180,-35.802,25.796,-11.285
4.2736,-0.26104,0.64105,2.1663,85.087,-180,-35.145,26.227,-11.192
4.2744,-0.27417,0.64615,0.20038,85.115,-180,-34.232,26.696,-11.096
4.2744,-0.2883,0.65102,-1.8718,85.141,-180,-33.054,27.198,-10.998
4.2732,-0.29725,0.65574,-4.0525,85.168,-180,-31.6,27.724,-10.897
4.2707,-0.2979,0.66042,-6.345,85.193,-180,-29.856,28.276,-10.793
4.2675,-0.29168,0.6651,-8.7536,85.217,-180.01,-27.806,28.857,-10.686
4.2642,-0.28354,0.66976,-11.282,85.239,-180.01,-25.436,29.476,-10.576
4.261,-0.27917,0.67433,-13.933,85.259,-180.01,-22.734,30.139,-10.463
4.2579,-0.28198,0.67876,-16.71,85.277,-180.01,-19.687,30.848,-10.346
4.2542,-0.29132,0.68308,-19.614,85.292,-180.01,-16.29,31.599,-10.226
4.2491,-0.3032,0.68738,-22.645,85.303,-180.01,-12.541,32.383,-10.103
4.242,-0.31271,0.6919,-25.801,85.311,-180.01,-8.4485,33.191,-9.9775
4.2324,-0.31696,0.69682,-29.073,85.315,-180.01,-4.038,34.013,-9.849
4.2183,-0.31984,0.70425,-32.204,85.327,-180,0.057174,34.859,-9.8086
4.1942,-0.34688,0.72039,-33.759,85.326,-180.01,0.058289,35.742,-9.7407
4.1787,-0.36354,0.73197,-35.318,85.325,-180.01,0.059271,36.605,-9.6362
4.1687,-0.36056,0.74024,-36.888,85.324,-180.01,0.060243,37.439,-9.5332
4.1633,-0.3412,0.74569,-38.464,85.323,-180.01,0.061189,38.255,-9.432
4.1623,-0.31805,0.74829,-40.045,85.321,-180.01,0.062092,39.066,-9.3328
4.1656,-0.30468,0.74799,-41.625,85.319,-180.01,0.062952,39.883,-9.2357
4.1722,-0.30777,0.74523,-43.202,85.318,-180.01,0.06378,40.708,-9.1407
4.1803,-0.32394,0.74087,-44.773,85.317,-180.01,0.064589,41.532,-9.0484
4.1879,-0.34285,0.736,-46.337,85.316,-180.01,0.065393,42.347,-8.9586
4.1939,-0.35409,0.73146,-47.894,85.315,-180.01,0.066191,43.144,-8.8711
4.1981,-0.35302,0.72746,-49.445,85.315,-180.01,0.066971,43.925,-8.786
4.2013,-0.34253,0.72366,-50.989,85.314,-180.01,0.067716,44.694,-8.7036
4.2046,-0.33037,0.71945,-52.527,85.314,-180.01,0.068417,45.457,-8.6239
4.2084,-0.32409,0.71442,-54.059,85.313,-180.01,0.069074,46.215,-8.5468
4.2129,-0.32685,0.70862,-55.585,85.312,-180.01,0.069696,46.97,-8.472
4.2173,-0.3363,0.70254,-57.104,85.312,-180.01,0.070294,47.716,-8.399
4.2211,-0.34671,0.69677,-58.618,85.312,-180.01,0.070874,48.452,-8.3276
4.2237,-0.35263,0.69171,-60.127,85.312,-180.01,0.071432,49.177,-8.2575
