0.00044871,-0.40156,4.0472,-22.915,44.12,73.133,-104.71,6.9049,-31.708
0.00059266,-0.40285,4.0469,-22.861,44.122,73.184,-104.71,6.8745,-31.719
0.00089421,-0.40638,4.046,-22.717,44.126,73.315,-104.71,6.7965,-31.731
0.0011609,-0.41061,4.0447,-22.51,44.131,73.503,-104.72,6.6841,-31.744
0.0012853,-0.41386,4.0431,-22.254,44.137,73.728,-104.74,6.5461,-31.757
0.0012443,-0.41498,4.0415,-21.962,44.144,73.981,-104.78,6.3892,-31.769
0.0010796,-0.41373,4.0398,-21.642,44.151,74.253,-104.84,6.219,-31.782
0.00086696,-0.4108,4.0381,-21.299,44.158,74.538,-104.91,6.0408,-31.796
0.00068153,-0.40742,4.0366,-20.939,44.164,74.834,-105.01,5.8592,-31.809
0.00057078,-0.4049,4.0353,-20.565,44.17,75.136,-105.13,5.6782,-31.822
0.00054153,-0.40411,4.0341,-20.181,44.175,75.444,-105.26,5.5,-31.836
0.00056398,-0.4052,4.0332,-19.787,44.18,75.755,-105.42,5.3258,-31.849
0.00058881,-0.40761,4.0324,-19.386,44.185,76.069,-105.59,5.155,-31.863
0.00056952,-0.41033,4.0318,-18.976,44.19,76.384,-105.78,4.9868,-31.876
0.00048126,-0.41234,4.0314,-18.558,44.196,76.701,-105.99,4.8201,-31.889
0.00032941,-0.41294,4.031,-18.132,44.202,77.021,-106.22,4.6547,-31.902
0.00014572,-0.41206,4.0307,-17.697,44.208,77.341,-106.48,4.4907,-31.914
-2.5422e-05,-0.41016,4.0304,-17.255,44.213,77.664,-106.75,4.3293,-31.927
-0.0001445,-0.40806,4.0302,-16.807,44.217,77.987,-107.04,4.1717,-31.94
-0.00019133,-0.40659,4.03,-16.355,44.222,78.31,-107.35,4.0192,-31.952
-0.00017118,-0.40626,4.0299,-15.898,44.225,78.634,-107.67,3.8722,-31.965
-0.00011098,-0.40713,4.0298,-15.437,44.229,78.958,-108.01,3.7306,-31.978
-4.7829e-05,-0.40878,4.0297,-14.972,44.233,79.282,-108.37,3.5938,-31.99
-1.4582e-05,-0.41055,4.0297,-14.503,44.237,79.607,-108.74,3.4609,-32.002
-2.8257e-05,-0.41178,4.0297,-14.028,44.241,79.932,-109.13,3.3311,-32.014
-8.5303e-05,-0.41207,4.0296,-13.549,44.245,80.259,-109.53,3.2042,-32.026
-0.00016497,-0.41144,4.0295,-13.065,44.249,80.586,-109.95,3.0802,-32.038
-0.00023885,-0.41021,4.0295,-12.578,44.252,80.913,-110.39,2.9599,-32.049
-0.0002825,-0.40895,4.0294,-12.087,44.255,81.241,-110.84,2.8438,-32.061
-0.00028462,-0.40818,4.0293,-11.594,44.258,81.568,-111.3,2.7326,-32.072
-0.0002504,-0.40818,4.0292,-11.1,44.261,81.895,-111.78,2.6265,-32.084
-0.00019838,-0.40893,4.0291,-10.605,44.263,82.221,-112.26,2.5253,-32.095
-0.00015237,-0.41011,4.029,-10.109,44.266,82.547,-112.76,2.4286,-32.106
-0.00013196,-0.41128,4.0289,-9.6107,44.268,82.872,-113.27,2.3357,-32.117
-0.00014546,-0.41203,4.0288,-9.1107,44.271,83.198,-113.79,2.2464,-32.128
-0.00018755,-0.41214,4.0287,-8.6089,44.274,83.523,-114.32,2.1604,-32.139
-0.0002425,-0.41167,4.0286,-8.1058,44.276,83.849,-114.86,2.0779,-32.149
-0.00029104,-0.4109,4.0284,-7.6022,44.278,84.174,-115.41,1.9992,-32.16
-0.00031809,-0.41019,4.0283,-7.099,44.28,84.498,-115.97,1.9247,-32.17
-0.00031827,-0.40987,4.0282,-6.5967,44.282,84.82,-116.54,1.8546,-32.18
-0.00029722,-0.41006,4.028,-6.0958,44.283,85.141,-117.11,1.789,-32.19
-0.00026853,-0.41071,4.0279,-5.5964,44.285,85.461,-117.69,1.7277,-32.2
-0.00024782,-0.41156,4.0277,-5.0983,44.287,85.779,-118.28,1.6704,-32.21
-0.00024648,-0.41231,4.0276,-4.6013,44.288,86.095,-118.87,1.6168,-32.22
-0.00026751,-0.41273,4.0275,-4.1055,44.29,86.411,-119.47,1.5667,-32.229
-0.00030504,-0.41272,4.0273,-3.611,44.291,86.725,-120.07,1.52,-32.239
-0.0003473,-0.41237,4.0272,-3.1185,44.292,87.038,-120.68,1.4767,-32.248
-0.00038168,-0.41189,4.0271,-2.6283,44.293,87.348,-121.28,1.4371,-32.257
-0.00039976,-0.41153,4.0269,-2.1413,44.294,87.657,-121.89,1.4012,-32.266
-0.00040029,-0.41146,4.0268,-1.6577,44.295,87.962,-122.51,1.3693,-32.275
-0.00038908,-0.41172,4.0266,-1.1778,44.296,88.264,-123.12,1.3411,-32.284
-0.00037616,-0.41222,4.0265,-0.70143,44.297,88.564,-123.73,1.3167,-32.293
-0.00037145,-0.41279,4.0264,-0.22858,44.297,88.861,-124.35,1.2958,-32.301
-0.00038086,-0.41322,4.0263,0.24089,44.298,89.155,-124.96,1.2783,-32.31
-0.0004042,-0.4134,4.0262,0.70692,44.299,89.447,-125.57,1.264,-32.318
-0.00043583,-0.4133,4.0261,1.1693,44.299,89.736,-126.18,1.2529,-32.326
-0.00046722,-0.41303,4.026,1.6277,44.3,90.021,-126.78,1.2451,-32.334
-0.00049068,-0.41273,4.0259,2.0817,44.3,90.303,-127.39,1.2404,-32.342
-0.00050226,-0.41255,4.0258,2.531,44.3,90.581,-127.99,1.2391,-32.35
-0.00050305,-0.41258,4.0258,2.9755,44.3,90.855,-128.58,1.2411,-32.358
-0.00049831,-0.4128,4.0257,3.4152,44.3,91.125,-129.17,1.2465,-32.366
-0.00049503,-0.41313,4.0256,3.8503,44.3,91.392,-129.75,1.2551,-32.373
-0.0012594,-0.4235,4.0227,4.3596,44.296,91.744,-130.05,0.98368,-32.392
-0.0028024,-0.43894,4.0185,4.9165,44.3,92.154,-130.05,0.51524,-32.397
-0.0041506,-0.44486,4.0161,5.4491,44.305,92.537,-130.05,0.14367,-32.401
-0.005347,-0.43921,4.0149,5.9668,44.31,92.901,-130.05,-0.15266,-32.405
-0.0062102,-0.42482,4.0146,6.4675,44.313,93.247,-130.05,-0.38741,-32.41
-0.0065051,-0.40781,4.0149,6.9441,44.314,93.567,-130.05,-0.56811,-32.416
-0.0061151,-0.39494,4.0156,7.3903,44.312,93.857,-130.04,-0.70169,-32.424
-0.0051272,-0.3908,4.0164,7.8059,44.309,94.118,-130.03,-0.79507,-32.432
-0.0038108,-0.39608,4.0175,8.197,44.306,94.356,-130.01,-0.85441,-32.44
-0.0025226,-0.40764,4.0187,8.5748,44.304,94.581,-129.97,-0.88618,-32.447
-0.0015738,-0.42014,4.0201,8.9514,44.304,94.804,-129.93,-0.89737,-32.453
-0.0011215,-0.42838,4.0215,9.3357,44.304,95.033,-129.88,-0.89483,-32.459
-0.0011266,-0.42942,4.023,9.7305,44.306,95.273,-129.82,-0.88436,-32.463
-0.0013915,-0.42351,4.0242,10.132,44.307,95.518,-129.76,-0.86988,-32.468
-0.0016563,-0.41372,4.0252,10.533,44.307,95.763,-129.69,-0.85312,-32.474
-0.001709,-0.40439,4.0259,10.926,44.306,96.001,-129.61,-0.83397,-32.48
-0.0014656,-0.39926,4.0263,11.305,44.304,96.227,-129.51,-0.81137,-32.487
-0.00098997,-0.39999,4.0266,11.669,44.301,96.441,-129.41,-0.78425,-32.494
-0.00045105,-0.40569,4.0268,12.025,44.299,96.649,-129.29,-0.75236,-32.5
-4.0804e-05,-0.41354,4.0271,12.379,44.298,96.855,-129.16,-0.71663,-32.506
0.00010936,-0.42012,4.0274,12.737,44.297,97.068,-129.02,-0.67888,-32.511
-2.0921e-05,-0.4229,4.0278,13.102,44.298,97.289,-128.86,-0.64128,-32.516
-0.00034129,-0.42113,4.0282,13.473,44.298,97.517,-128.7,-0.60556,-32.52
-0.00069673,-0.41604,4.0284,13.845,44.298,97.75,-128.53,-0.57251,-32.525
-0.00093616,-0.41007,4.0285,14.214,44.298,97.98,-128.35,-0.54189,-32.53
-0.00097315,-0.40577,4.0285,14.574,44.296,98.206,-128.16,-0.51266,-32.535
-0.0008145,-0.40476,4.0284,14.924,44.295,98.424,-127.96,-0.48361,-32.541
-0.00054758,-0.4071,4.0283,15.265,44.293,98.637,-127.74,-0.45386,-32.547
-0.00029565,-0.41149,4.0283,15.601,44.292,98.848,-127.52,-0.42326,-32.552
-0.0001628,-0.41591,4.0283,15.937,44.291,99.063,-127.28,-0.39242,-32.556
-0.00019233,-0.41853,4.0285,16.275,44.291,99.283,-127.03,-0.3624,-32.56
-0.00035481,-0.41849,4.0286,16.616,44.291,99.509,-126.77,-0.33426,-32.564
-0.00056759,-0.4161,4.0288,16.957,44.291,99.739,-126.5,-0.30868,-32.569
-0.00073469,-0.41264,4.0288,17.296,44.291,99.971,-126.22,-0.28573,-32.573
-0.00078817,-0.40967,4.0288,17.628,44.29,100.2,-125.93,-0.2649,-32.577
-0.00071374,-0.4084,4.0288,17.952,44.289,100.43,-125.63,-0.24546,-32.582
-0.00055121,-0.40918,4.0287,18.268,44.288,100.65,-125.32,-0.22675,-32.586
-0.00037213,-0.41147,4.0287,18.578,44.287,100.87,-125,-0.20848,-32.591
-0.00024642,-0.41414,4.0287,18.885,44.286,101.09,-124.67,-0.19082,-32.595
-0.00021303,-0.41605,4.0287,19.191,44.286,101.32,-124.33,-0.17431,-32.598
-0.00026687,-0.4165,4.0288,19.496,44.286,101.55,-123.98,-0.15958,-32.602
-0.00036559,-0.41547,4.0289,19.801,44.286,101.79,-123.62,-0.1471,-32.605
0.001079,-0.41944,4.0277,19.992,44.295,101.93,-123.27,-0.17525,-32.62
0.0051675,-0.43493,4.0248,19.971,44.296,101.92,-122.92,-0.27189,-32.62
0.0071274,-0.43699,4.024,20,44.301,101.97,-122.56,-0.33349,-32.624
0.0085983,-0.43123,4.0237,20.003,44.303,102.01,-122.2,-0.39643,-32.626
0.0094111,-0.41872,4.0239,20.003,44.305,102.07,-121.84,-0.45075,-32.63
0.0097764,-0.40447,4.0245,20.003,44.304,102.15,-121.47,-0.4929,-32.634
0.0098905,-0.39398,4.0252,20.003,44.302,102.23,-121.08,-0.52042,-32.639
0.0098502,-0.39093,4.0261,20.003,44.298,102.33,-120.68,-0.53278,-32.644
0.0096746,-0.39595,4.0269,20.003,44.294,102.44,-120.27,-0.53257,-32.649
0.0093362,-0.40661,4.0278,20.003,44.292,102.56,-119.84,-0.525,-32.654
0.0088178,-0.41858,4.0286,20.003,44.292,102.69,-119.4,-0.51659,-32.659
0.0081302,-0.42736,4.0292,20.004,44.293,102.83,-118.95,-0.51289,-32.662
0.0073273,-0.42992,4.0298,20.004,44.295,102.98,-118.5,-0.51686,-32.666
0.0064972,-0.42579,4.0302,20.003,44.297,103.15,-118.04,-0.52826,-32.669
0.0057357,-0.41701,4.0304,20.003,44.298,103.32,-117.58,-0.54416,-32.672
0.0051162,-0.40718,4.0306,20.002,44.297,103.51,-117.11,-0.56035,-32.676
0.0046696,-0.40006,4.0306,20.001,44.295,103.7,-116.63,-0.57312,-32.681
0.0043843,-0.39814,4.0306,19.999,44.293,103.9,-116.15,-0.58077,-32.685
0.0042101,-0.40182,4.0306,19.996,44.29,104.11,-115.65,-0.58408,-32.69
0.0040213,-0.40911,4.0307,19.995,44.289,104.32,-115.14,-0.58493,-32.694
0.0036805,-0.41663,4.0308,20.001,44.288,104.54,-114.63,-0.58566,-32.698
0.003441,-0.42259,4.0308,20.001,44.289,104.77,-114.11,-0.59336,-32.702
0.0031336,-0.42441,4.0308,20.003,44.291,105.01,-113.59,-0.6072,-32.705
0.0028755,-0.422,4.0307,20.003,44.292,105.25,-113.07,-0.62805,-32.709
0.0026662,-0.41641,4.0306,20.002,44.293,105.5,-112.54,-0.65319,-32.712
0.0025061,-0.40984,4.0304,20.002,44.293,105.76,-112.02,-0.67938,-32.716
0.0024629,-0.40502,4.0303,19.999,44.292,106.02,-111.48,-0.70472,-32.72
0.0025408,-0.40374,4.0301,19.993,44.29,106.28,-110.94,-0.72807,-32.724
0.0026982,-0.40628,4.0299,19.982,44.289,106.54,-110.4,-0.74971,-32.729
0.0028239,-0.41119,4.0298,19.97,44.289,106.8,-109.85,-0.77056,-32.733
0.0028114,-0.41611,4.0299,19.962,44.288,107.08,-109.29,-0.79205,-32.736
0.0026202,-0.41893,4.03,19.961,44.289,107.36,-108.73,-0.81563,-32.74
0.0022953,-0.41871,4.0302,19.967,44.289,107.66,-108.17,-0.84229,-32.743
0.001943,-0.41596,4.0303,19.978,44.29,107.96,-107.61,-0.87216,-32.746
0.0016796,-0.41224,4.0304,19.99,44.29,108.27,-107.05,-0.90463,-32.75
0.0015796,-0.40934,4.0303,19.999,44.29,108.58,-106.49,-0.93869,-32.754
0.001654,-0.40852,4.0301,20.002,44.289,108.89,-105.92,-0.9735,-32.758
0.0018597,-0.41,4.0299,19.998,44.289,109.19,-105.36,-1.0089,-32.762
0.0020592,-0.41271,4.0297,19.993,44.289,109.5,-104.79,-1.0447,-32.766
0.0021772,-0.41529,4.0296,19.988,44.289,109.81,-104.22,-1.0816,-32.769
0.0021863,-0.4166,4.0296,19.987,44.289,110.13,-103.65,-1.1203,-32.773
0.0021124,-0.41622,4.0297,19.989,44.29,110.45,-103.08,-1.1611,-32.776
0.0020159,-0.41453,4.0297,19.993,44.29,110.78,-102.51,-1.204,-32.78
0.0019613,-0.41246,4.0297,19.996,44.29,111.12,-101.94,-1.2484,-32.784
0.0019867,-0.41101,4.0296,19.997,44.29,111.45,-101.37,-1.2938,-32.787
0.0020896,-0.41076,4.0295,19.995,44.29,111.78,-100.8,-1.3396,-32.791
0.0022326,-0.41167,4.0294,19.99,44.29,112.11,-100.23,-1.3858,-32.795
0.002364,-0.4132,4.0293,19.984,44.29,112.45,-99.662,-1.4326,-32.799
0.0024431,-0.41456,4.0293,19.978,44.29,112.78,-99.096,-1.4805,-32.802
0.002457,-0.41516,4.0293,19.974,44.291,113.13,-98.531,-1.5297,-32.806
0.0024237,-0.4148,4.0294,19.971,44.291,113.47,-97.967,-1.5805,-32.81
0.0023796,-0.41377,4.0294,19.969,44.291,113.82,-97.406,-1.6326,-32.813
0.0023611,-0.41262,4.0294,19.967,44.291,114.17,-96.848,-1.6856,-32.817
0.0023874,-0.41189,4.0294,19.964,44.292,114.52,-96.291,-1.7393,-32.821
0.002454,-0.41187,4.0294,19.959,44.292,114.88,-95.737,-1.7934,-32.825
0.0025371,-0.41247,4.0293,19.953,44.292,115.23,-95.185,-1.8478,-32.828
0.0026073,-0.41333,4.0293,19.946,44.292,115.58,-94.635,-1.9028,-32.832
0.0026435,-0.41402,4.0293,19.94,44.292,115.94,-94.089,-1.9586,-32.836
0.002642,-0.41422,4.0293,19.935,44.292,116.3,-93.546,-2.0154,-32.839
0.0026162,-0.4139,4.0293,19.931,44.292,116.66,-93.007,-2.0732,-32.843
0.0025882,-0.41326,4.0293,19.928,44.292,117.03,-92.471,-2.1318,-32.847
0.0025776,-0.41264,4.0293,19.924,44.293,117.39,-91.939,-2.191,-32.85
0.0025927,-0.41231,4.0293,19.921,44.293,117.76,-91.411,-2.2505,-32.854
0.0026276,-0.41239,4.0293,19.916,44.293,118.13,-90.887,-2.3102,-32.858
0.0026671,-0.41279,4.0293,19.912,44.293,118.5,-90.367,-2.3702,-32.862
0.0026946,-0.41326,4.0292,19.907,44.293,118.87,-89.851,-2.4306,-32.866
0.0027003,-0.41357,4.0292,19.904,44.293,119.24,-89.34,-2.4915,-32.869
0.002685,-0.41358,4.0293,19.902,44.293,119.62,-88.834,-2.553,-32.873
0.0026583,-0.41332,4.0293,19.9,44.293,119.99,-88.333,-2.615,-32.877
0.0026335,-0.41293,4.0293,19.899,44.293,120.37,-87.836,-2.6774,-32.88
0.0026204,-0.4126,4.0293,19.899,44.293,120.75,-87.345,-2.74,-32.884
0.0026211,-0.41248,4.0293,19.899,44.293,121.13,-86.86,-2.8026,-32.888
0.0026302,-0.41259,4.0292,19.899,44.293,121.51,-86.38,-2.8653,-32.892
0.002638,-0.41284,4.0292,19.9,44.293,121.9,-85.905,-2.928,-32.895
0.0026357,-0.41308,4.0292,19.901,44.293,122.28,-85.436,-2.9908,-32.899
0.0026197,-0.41319,4.0292,19.903,44.293,122.66,-84.973,-3.0538,-32.903
